# Undirected graph (each unordered pair of nodes is saved once): input/1959_edges.txt
# Nodes: 449 Edges: 5926
# NodeId	NodeId
6311	10444
6311	11684
6311	13152
6311	18862
3739	3761
3739	3843
3739	4062
3739	4376
3739	4618
3739	4865
3739	4967
3739	5261
3739	5537
3739	6206
3739	6289
3739	6515
3739	6524
3739	6987
3739	7363
3739	8317
3739	8654
3739	9218
3739	9448
3739	9939
3739	10611
3739	10853
3739	11613
3739	12100
3739	12126
3739	12687
3739	13280
3739	14001
3739	14544
3739	15297
3739	16040
3739	16297
3739	16598
3739	17316
3739	17435
3739	17726
3739	18155
3739	19825
3739	21590
3739	21920
3739	22316
3739	24782
2071	2767
2071	2863
2071	2873
2071	2965
2071	3262
2071	4158
2071	4741
2071	4880
2071	5041
2071	5905
2071	7207
2071	8605
2071	8897
2071	10455
2071	11645
2071	11840
2071	12370
2071	12421
2071	17637
2071	17995
2071	18338
2071	19549
2071	20004
2071	30681
27536	27844
27536	36864
17865	20697
17865	21476
17865	26670
17865	26895
17865	27087
17865	29516
1607	4062
1607	5988
1607	8317
1607	12689
1607	15462
1607	19825
1607	21950
13280	14001
13280	15209
13280	15297
13280	15462
13280	16040
13280	16166
13280	16598
13280	17435
13280	21617
13280	21920
13280	24782
13280	25852
6919	7363
6919	8317
6919	9218
6919	9939
6919	10611
6919	11052
6919	12100
6919	13280
6919	14001
6919	15297
6919	16040
6919	16598
6919	17435
6919	18693
6919	21617
6919	24782
19798	24101
19798	31542
19798	34527
8355	10444
8355	10989
8355	12810
8355	14852
8355	17133
8355	19326
8355	29671
8355	36829
1083	1115
1083	1162
1083	1632
1083	1820
1083	2284
1083	2286
1083	2310
1083	2946
1083	3283
1083	3739
1083	3817
1083	4062
1083	4376
1083	4618
1083	4865
1083	4967
1083	5261
1083	5537
1083	6124
1083	6206
1083	6515
1083	6919
1083	6987
1083	7363
1083	9218
1083	9939
1083	10611
1083	12100
1083	13280
1083	14544
1083	15297
1083	16040
1083	16297
1083	16598
1083	17435
1083	17726
1083	21590
10143	10853
10143	11668
10143	13236
10143	13939
10143	14376
10143	14437
10143	15903
10143	17303
10143	19449
10143	24765
10143	29141
10143	36164
4283	4376
4283	4730
4283	6416
4283	6987
4283	8260
4283	8654
4283	8775
4283	10515
4283	10946
4283	11372
4283	14271
4283	15184
4283	17303
4283	17316
4283	25349
4283	32719
4283	36896
4283	38481
2303	3988
2303	4161
2303	6416
2303	8260
2303	8775
2303	9645
2303	10515
2303	11372
2303	13082
2303	13825
2303	14148
2303	17303
2303	17491
2303	20798
2303	38481
3587	4447
3587	4683
3587	5212
3587	8862
3587	12726
3587	12887
3587	13268
3587	15025
3587	16607
3587	17234
3587	20562
3587	21476
3587	26670
3587	26895
3587	27087
3587	27785
3587	29516
2887	3262
2887	3878
2887	4090
2887	4158
2887	5041
2887	8605
2887	8897
2887	10044
2887	17637
2887	18812
2887	19798
14376	14732
14376	15903
14376	15915
14376	16570
14376	16603
14376	16786
14376	19449
14376	20668
14376	20753
14376	21963
14376	22603
14376	22750
14376	22753
14376	24599
14376	24765
14376	28239
14376	28636
14376	29141
14376	35568
14376	36029
14376	38178
14376	43059
10235	18113
10235	18812
10235	19798
10235	27844
10235	34068
10235	34224
10235	38121
2964	3415
2964	3739
2964	3767
2964	4062
2964	4283
2964	4865
2964	5537
2964	5988
2964	6206
2964	6524
2964	6854
2964	7108
2964	8215
2964	8317
2964	8654
2964	9028
2964	9448
2964	9939
2964	10143
2964	10444
2964	11052
2964	11372
2964	14437
2964	16040
2964	17316
2964	19825
2964	21590
2964	22316
2964	24782
2964	36896
4939	6313
4939	12810
1146	2448
1146	2509
1146	2863
1146	2965
1146	3262
1146	3878
1146	4158
1146	4741
1146	4880
1146	5041
1146	5905
1146	6990
1146	7207
1146	7479
1146	8567
1146	8605
1146	8897
1146	10110
1146	10455
1146	10724
1146	11645
1146	11840
1146	12370
1146	12421
1146	13446
1146	14323
1146	17637
1146	17909
1146	17995
1146	18338
1146	18812
1146	19549
1146	19798
1146	30727
1146	31542
38121	39484
16603	20668
16603	22603
16603	28211
16603	28239
16603	34068
16603	35072
16603	35568
377	2448
377	3305
377	4157
377	4388
377	4741
377	5639
377	5875
377	6206
377	7373
377	9272
377	11724
377	13329
377	13446
377	16570
377	16596
377	17690
377	20342
377	20814
377	21514
377	24256
377	27536
377	27748
377	27844
377	28239
377	32719
377	36864
4376	5261
4376	6124
4376	6289
4376	6615
4376	6919
4376	7449
4376	8317
4376	8775
4376	8824
4376	9218
4376	9448
4376	9939
4376	10047
4376	11613
4376	12042
4376	12100
4376	12573
4376	12687
4376	13280
4376	14001
4376	15209
4376	16040
4376	16166
4376	16598
4376	17316
4376	18155
4376	21617
4376	25517
4376	25852
4376	38390
10989	11668
10989	12810
10989	17133
10989	19326
10989	20814
10989	23522
10989	36829
14003	14008
14003	14192
14003	14376
14003	15903
14003	15915
14003	20668
14003	20753
14003	22603
14003	22753
14003	24599
14003	24765
14003	28239
14003	28636
14003	35568
14003	35914
14003	36029
14003	38178
14003	43059
1632	1734
1632	2284
1632	2310
1632	2657
1632	2745
1632	2946
1632	2964
1632	3340
1632	3376
1632	3739
1632	3767
1632	3843
1632	4376
1632	4967
1632	5159
1632	6512
1632	6515
1632	6524
1632	6987
1632	7363
1632	8317
1632	9218
1632	9448
1632	10853
1632	11052
1632	12100
1632	13939
1632	16040
1632	16598
1632	17316
1632	21617
1632	22316
5148	5905
5148	6990
5148	7207
5148	7479
5148	8030
5148	8567
5148	8605
5148	10044
5148	10110
5148	10235
5148	10724
5148	11840
5148	12370
5148	12421
5148	17637
5148	17909
5148	18338
5148	20004
5148	24101
5148	38121
5148	39484
27748	28211
27748	36864
6124	6206
6124	6289
6124	7363
6124	7449
6124	8654
6124	8824
6124	9218
6124	10047
6124	10611
6124	11613
6124	12100
6124	12126
6124	12573
6124	12687
6124	12689
6124	13280
6124	14001
6124	14556
6124	15209
6124	15297
6124	15462
6124	16166
6124	16598
6124	18155
6124	20004
6124	21920
6124	25517
6124	25852
8970	9028
8970	11645
8970	11724
8970	12724
8970	13329
8970	13446
8970	14544
8970	17690
8970	19549
8970	20753
8970	22753
8970	24256
8970	26455
8970	28211
8970	28239
8970	29494
8970	30681
8970	34068
8970	36864
20004	20472
20004	25852
20004	26455
20004	30727
20004	31542
20004	38121
2375	2657
2375	2946
2375	3739
2375	3817
2375	3843
2375	4062
2375	4376
2375	4618
2375	4967
2375	5261
2375	6206
2375	6289
2375	6919
2375	7363
2375	7449
2375	8317
2375	10143
2375	10611
2375	11052
2375	11613
2375	12100
2375	12126
2375	12233
2375	12573
2375	12689
2375	13280
2375	14001
2375	14544
2375	15209
2375	15297
2375	16040
2375	16297
2375	16598
2375	18155
2375	21920
2375	21950
2375	24782
2375	25517
2375	25852
17637	17995
17637	18338
17637	19549
17637	20004
17637	20472
17637	24101
17637	30681
17637	30727
17637	31542
17637	38121
10724	11645
10724	11840
10724	12370
10724	12421
10724	13939
10724	14057
10724	14732
10724	17637
10724	17909
10724	17995
10724	18338
10724	18812
10724	19549
10724	19798
10724	20004
10724	26455
10724	29141
10724	30727
10724	38121
10724	39484
598	975
598	1083
598	1115
598	1632
598	1820
598	2066
598	2284
598	2310
598	2657
598	2964
598	3739
598	3843
598	4062
598	4376
598	4967
598	6515
598	6524
598	6987
598	8317
598	9218
598	9448
598	9939
598	10281
598	10611
598	10853
598	12100
598	13280
598	16040
598	16598
598	17316
598	18113
598	19825
598	20668
598	21590
598	21617
598	22316
21950	25744
21950	25852
21950	38390
23522	24599
23522	29141
23522	36829
11372	12108
11372	13825
11372	14271
11372	14913
11372	15536
11372	17234
11372	17303
11372	17491
11372	21950
11372	26006
11372	29516
11372	34877
11372	36896
11372	38481
12737	20004
12737	20472
26455	30727
14852	17133
14852	19326
14852	20592
14852	20814
14852	23522
14852	34877
14852	36829
10433	11055
10433	11372
10433	13082
10433	14148
10433	17491
10433	22316
10433	38481
17857	26670
17857	27785
5041	5148
5041	6990
5041	7207
5041	7479
5041	8567
5041	8605
5041	8897
5041	10110
5041	10455
5041	10724
5041	11645
5041	11840
5041	12370
5041	12421
5041	13446
5041	17637
5041	17909
5041	18338
5041	18812
5041	19798
5041	20004
5041	31542
9548	10989
9548	23522
172	377
172	1040
172	1046
172	1047
172	1168
172	1516
172	3281
172	3431
172	6282
172	6313
172	8355
172	10444
172	10609
172	12940
172	14075
172	14852
172	17133
172	19326
172	20592
172	23522
4158	4741
4158	4880
4158	5041
4158	5148
4158	6990
4158	7207
4158	7479
4158	8605
4158	8897
4158	9098
4158	10724
4158	11645
4158	11840
4158	12370
4158	12421
4158	14057
4158	18338
4158	18812
4158	19449
4158	19798
4158	20004
4158	30727
4388	4701
4388	4727
4388	4880
4388	5147
4388	5639
4388	5875
4388	7373
4388	8665
4388	8970
4388	9028
4388	9272
4388	10044
4388	10110
4388	10198
4388	10450
4388	10724
4388	11724
4388	12737
4388	13236
4388	13329
4388	13446
4388	14057
4388	14323
4388	14376
4388	14732
4388	16570
4388	16596
4388	16603
4388	17690
4388	18113
4388	20668
4388	20753
4388	21514
4388	21963
4388	22750
4388	24599
4388	26455
4388	27748
4388	28211
4388	28239
4388	30681
4388	32719
4388	34068
4388	35072
4388	36864
3994	4157
3994	4823
3994	6854
3994	8150
3994	9073
3994	10281
3994	10465
3994	12681
3994	13387
3994	13719
3994	14376
3994	14437
3994	15903
3994	16603
3994	16786
3994	20668
895	933
895	1794
895	2529
895	4157
895	4388
895	4823
895	5147
895	5875
895	6512
895	7410
895	7890
895	9712
895	10341
895	10450
895	10465
895	11724
895	12681
895	12724
895	13236
895	14003
895	14008
895	14192
895	14376
895	15903
895	15915
895	16603
895	20668
895	20753
895	21963
895	22603
895	22753
895	24599
895	24765
895	28239
895	28636
895	32719
895	35568
895	35914
895	36029
895	38178
895	43059
12940	14852
12940	15536
12940	19449
12940	20814
12940	23522
15915	20753
15915	22603
15915	22753
15915	24765
15915	28636
15915	35568
15915	35914
15915	36029
15915	38178
15915	43059
20798	36164
8639	8832
8639	10143
8639	10724
8639	11668
8639	13354
8639	13939
8639	14271
8639	14323
8639	14851
8639	15536
8639	16570
8639	17303
8639	19449
8639	20592
8639	21514
8639	26921
8639	29141
463	2935
463	3083
463	4729
463	5114
463	5167
463	6793
463	10645
463	11667
463	12674
463	14323
463	16312
463	20281
463	20592
9098	10110
9098	18812
15462	16166
15462	16598
15462	18155
15462	21617
15462	21920
15462	21950
15462	25517
15462	25852
15462	38390
2548	6313
2548	8150
2548	8355
2548	8639
2548	10444
2548	13354
2548	17133
2548	18862
2548	19326
4701	5159
4701	7208
4701	8665
4701	8775
4701	8832
4701	10198
4701	10465
4701	12674
4701	13236
4701	13939
4701	14376
4701	14851
4701	16570
4701	17303
4701	18485
4701	19449
4701	20592
4701	26006
4701	28239
4701	36164
7479	8030
7479	8567
7479	8605
7479	8897
7479	9098
7479	10110
7479	10724
7479	11840
7479	12370
7479	12421
7479	14323
7479	17637
7479	17909
7479	18338
7479	18812
7479	19798
7479	20004
7479	27844
7479	30727
7479	31542
7479	38121
7479	39484
2433	3878
2433	4741
2433	5148
2433	5159
2433	6903
2433	7479
2433	9712
2433	10235
2433	10465
2433	12370
2433	18338
2433	20313
2433	27536
2433	28211
2433	30727
7346	8775
7346	8832
7346	9645
7346	10515
7346	10946
7346	13939
7346	14271
7346	14851
7346	15536
7346	17303
7346	26006
7346	26921
7346	36164
28336	36896
3843	4376
3843	5261
3843	6124
3843	6206
3843	6289
3843	7449
3843	8150
3843	8317
3843	8654
3843	9218
3843	9448
3843	9568
3843	10047
3843	10611
3843	12042
3843	12126
3843	12233
3843	12573
3843	12687
3843	14001
3843	14544
3843	15184
3843	15209
3843	15462
3843	16040
3843	16166
3843	16297
3843	16598
3843	17316
3843	18155
3843	21617
3843	21920
3843	21950
3843	24782
3843	25517
3843	25852
3843	26455
15025	15559
15025	17234
15025	26895
15025	29516
15025	34877
15025	38481
15025	41581
5843	10645
5843	11667
5843	12674
5843	16742
5843	19634
5843	24046
21963	27748
21963	36029
13354	13939
13354	14323
13354	14851
13354	15536
13354	20592
13354	28913
13354	38481
16166	16297
16166	16598
16166	18155
16166	21617
16166	21950
16166	25517
16166	25852
16166	38390
18155	21617
18155	21920
18155	24782
18155	25517
18155	25852
18155	38390
17554	26921
17554	36829
17554	38481
4618	4865
4618	4967
4618	5537
4618	6124
4618	6206
4618	6515
4618	6524
4618	6919
4618	7363
4618	8654
4618	9218
4618	10611
4618	12100
4618	12233
4618	12573
4618	12687
4618	12689
4618	13280
4618	14001
4618	14544
4618	15297
4618	15462
4618	16040
4618	16598
4618	17435
4618	19825
4618	21920
4618	24782
4618	25852
4618	27844
15297	16040
15297	16598
15297	17435
15297	18155
15297	21920
15297	24782
15297	25517
2935	4090
2935	4281
2935	5988
2935	6793
2935	8215
2935	8639
2935	8654
2935	10444
2935	13354
2935	14600
2935	15321
2935	17857
2935	20592
2935	28913
1343	2222
1343	2310
1343	3415
1343	4283
1343	6512
1343	9023
1343	13159
1343	13387
1343	14437
1343	17303
1343	17316
1343	19825
1343	41581
14556	15462
14556	21920
3270	3340
3270	3376
3270	4049
3270	4090
3270	4281
3270	4701
3270	5159
3270	6293
3270	6297
3270	6793
3270	7208
3270	8639
3270	8775
3270	9645
3270	13939
3270	14851
3270	15536
3270	16312
3270	18485
3270	19449
3270	22750
3270	26006
3270	28913
3270	36164
13236	13329
13236	14003
13236	14008
13236	14192
13236	14271
13236	14323
13236	14376
13236	15903
13236	15915
13236	16570
13236	16603
13236	16786
13236	19449
13236	20668
13236	20753
13236	21963
13236	22603
13236	22753
13236	24599
13236	24765
13236	28239
13236	28636
13236	29141
13236	35568
13236	36029
13236	38178
13236	43059
15184	17491
15184	25744
12674	13236
12674	14057
12674	14376
12674	14732
12674	16570
12674	19449
12674	20592
12674	20668
4111	25349
4111	35072
4111	39576
4111	40722
11724	12724
11724	13236
11724	13329
11724	14008
11724	14376
11724	16603
11724	17690
11724	20342
11724	20753
11724	21514
11724	24256
11724	27844
11724	28211
11724	28239
11724	30681
11724	32719
11724	34068
11724	36029
11724	36864
18338	18812
18338	19798
18338	20004
18338	30727
18338	31542
7449	8824
7449	9448
7449	11613
7449	12687
7449	14001
7449	15209
7449	15462
7449	21920
7449	25517
7449	25852
3988	4281
3988	5159
3988	6416
3988	6793
3988	8260
3988	8862
3988	9568
3988	10433
3988	11052
3988	11055
3988	11372
3988	13082
3988	14148
3988	14779
3988	15025
3988	15379
3988	15559
3988	16607
3988	17303
3988	17491
3988	20798
3988	29516
3988	30727
3988	38481
1868	2097
1868	2509
1868	2887
1868	3121
1868	4090
1868	4158
1868	4388
1868	4880
1868	6990
1868	8605
1868	8897
1868	10110
1868	11645
1868	12370
1868	13939
1868	14323
1868	14376
1868	14732
1868	15536
1868	16570
1868	17637
1868	18113
1868	19549
1794	2066
1794	2466
1794	2529
1794	4157
1794	4823
1794	6512
1794	6524
1794	7410
1794	7890
1794	9073
1794	9712
1794	10341
1794	10450
1794	12681
1794	12724
1794	13236
1794	13387
1794	13719
1794	14008
1794	14192
1794	14271
1794	14376
1794	15903
1794	15915
1794	16786
1794	20668
1794	22603
1794	22753
1794	24765
1794	25349
1794	28239
1794	28636
1794	35568
1794	35914
1794	38178
1794	43059
11055	12410
11055	13159
11055	15025
11055	17316
11055	20562
11055	27087
11055	38481
11055	41581
8030	8567
8030	10044
8030	10724
8030	11840
8030	12421
8030	17637
8030	17909
8030	18338
8030	20004
8030	24101
8030	38121
12410	12726
12410	13159
12410	15025
12410	16607
12410	26670
18113	20342
18113	22603
18113	24256
18113	27536
18113	27844
18113	30681
18113	34068
18113	36864
15442	24046
798	1452
798	1516
798	1780
798	2006
798	2451
798	2745
798	2935
798	3270
798	3376
798	4157
798	4161
798	4388
798	4701
798	5159
798	6293
798	6297
798	8639
798	10724
798	14057
798	14376
798	14556
798	14732
798	18485
798	22750
798	36164
494	1146
494	2071
494	2863
494	2887
494	3262
494	3878
494	4741
494	4880
494	5041
494	6990
494	7207
494	7479
494	8567
494	8605
494	10110
494	10455
494	11645
494	11840
494	12421
494	18338
494	18812
494	19549
494	19798
494	20004
494	31542
494	38121
12370	12421
12370	13446
12370	14057
12370	14323
12370	14732
12370	16786
12370	17637
12370	17909
12370	17995
12370	18338
12370	18812
12370	19549
12370	19798
12370	20004
12370	30727
12370	31542
12370	38121
1734	2097
1734	2426
1734	2745
1734	3281
1734	4161
1734	4281
1734	5159
1734	6615
1734	6793
1734	7346
1734	8639
1734	8775
1734	8832
1734	9490
1734	9645
1734	10515
1734	10946
1734	13354
1734	13939
1734	14600
1734	14851
1734	15536
1734	16312
1734	17554
1734	26921
1734	28913
1734	36829
10645	11667
10645	16742
10645	20281
975	1083
975	1162
975	1820
975	2284
975	2375
975	2946
975	3739
975	3761
975	3817
975	3843
975	4062
975	4376
975	4618
975	4865
975	5261
975	6124
975	6206
975	6289
975	6515
975	7449
975	8317
975	9218
975	9448
975	9939
975	10047
975	10611
975	11052
975	11613
975	12042
975	12126
975	12233
975	12573
975	12687
975	12689
975	13280
975	14001
975	15209
975	15462
975	16040
975	16166
975	16297
975	16598
975	18155
975	19825
975	21617
975	21920
975	25517
975	25852
975	38390
8567	8605
8567	10110
8567	10455
8567	10724
8567	11840
8567	12370
8567	12421
8567	17637
8567	18338
8567	18812
8567	19798
8567	20004
8567	27844
8567	30727
8567	31542
8567	38121
17234	17865
17234	21476
17234	23574
17234	26670
17234	26895
17234	27087
17234	27785
17234	29516
17234	34877
5	60
5	183
5	572
5	598
5	696
5	906
5	975
5	1083
5	1115
5	1607
5	1632
5	1820
5	2284
5	2310
5	2375
5	2657
5	2946
5	2964
5	3283
5	3739
5	3767
5	3843
5	4062
5	4376
5	4618
5	4865
5	4967
5	5537
5	5988
5	6206
5	6289
5	6515
5	6524
5	6919
5	6987
5	7363
5	8215
5	8317
5	8654
5	9028
5	9218
5	9448
5	9939
5	10611
5	10853
5	11052
5	12100
5	12126
5	12233
5	12687
5	12689
5	14001
5	14544
5	15297
5	15462
5	16040
5	16598
5	17316
5	19825
5	21590
5	21617
5	22316
5	24782
5	25517
755	1168
755	3431
755	6311
755	6793
755	8351
755	9568
755	13152
755	15559
755	16321
755	20697
755	29516
2451	2745
2451	2935
2451	3207
2451	3270
2451	3281
2451	3340
2451	3376
2451	4049
2451	4090
2451	4161
2451	4281
2451	4701
2451	5159
2451	6293
2451	6297
2451	6615
2451	6793
2451	7208
2451	8639
2451	8775
2451	8832
2451	13939
2451	14271
2451	14851
2451	15536
2451	17303
2451	18485
2451	22750
2451	26006
2451	26921
2451	36164
6524	6987
6524	8150
6524	8654
6524	9218
6524	10853
6524	12689
6524	13387
6524	14437
6524	15903
6524	17316
6524	19825
6524	36946
6987	8215
6987	8317
6987	9448
6987	9939
6987	10611
6987	10853
6987	11052
6987	12042
6987	12100
6987	13280
6987	17316
6987	17435
6987	19825
6987	21590
6987	22316
19449	22750
19449	23522
19449	26921
19449	36164
7363	8150
7363	8654
7363	9939
7363	10611
7363	12100
7363	12687
7363	13280
7363	14001
7363	14544
7363	15297
7363	15462
7363	16040
7363	17435
7363	17726
7363	21617
7363	21920
7363	24782
7363	25852
6515	6524
6515	6919
6515	7363
6515	8317
6515	8654
6515	9448
6515	9939
6515	10611
6515	12100
6515	12233
6515	13280
6515	14001
6515	14544
6515	15297
6515	15462
6515	16040
6515	16598
6515	17435
6515	18155
6515	21617
6515	24782
8775	8832
8775	9028
8775	9098
8775	9645
8775	11668
8775	13354
8775	13939
8775	14148
8775	14271
8775	14851
8775	14852
8775	16570
8775	17303
8775	17554
8775	18485
8775	19825
8775	20798
8775	38481
1820	2066
1820	2284
1820	2310
1820	2946
1820	3739
1820	3843
1820	4062
1820	4376
1820	4618
1820	4865
1820	4967
1820	6289
1820	6515
1820	7363
1820	8317
1820	9218
1820	9939
1820	10611
1820	12100
1820	13280
1820	15297
1820	16040
1820	16297
1820	16598
1820	17316
1820	17435
1820	17726
16596	17316
16596	30681
16596	34068
6854	7108
6854	7373
6854	9028
6854	10465
6854	21590
24599	24765
24599	27748
24599	28239
24599	35914
24599	36029
24599	38178
3291	3817
3291	3843
3291	5261
3291	5595
3291	6124
3291	6289
3291	8150
3291	8824
3291	9218
3291	9293
3291	10047
3291	11613
3291	12126
3291	12687
3291	14001
3291	14556
3291	15209
3291	15462
3291	16166
3291	20004
3291	21920
29516	38481
29516	41581
3083	4729
3083	5114
3083	5167
3083	10645
3083	11667
3083	16742
3083	20281
7913	9023
7913	11291
7913	12410
7913	12726
7913	13159
7913	17234
7913	26670
7913	26895
7913	27087
2426	2745
2426	2935
2426	4281
2426	5159
2426	6615
2426	6793
2426	7346
2426	8215
2426	8639
2426	8832
2426	9490
2426	10444
2426	10515
2426	14600
2426	17554
2426	21950
2426	26921
2426	28913
2426	38481
22753	24765
22753	28239
22753	28636
22753	35568
22753	35914
22753	36029
22753	38178
22753	43059
3767	5159
3767	6515
3767	6818
3767	8215
3767	8317
3767	9218
3767	10853
3767	11052
3767	11372
3767	14556
3767	14600
3767	15379
3767	16607
3767	17234
3767	17865
3767	20697
3767	21476
3767	26895
3767	27087
3767	29671
17726	18155
26895	27087
1780	2071
1780	2714
1780	2767
1780	3121
1780	3240
1780	3291
1780	4741
1780	5595
1780	6124
1780	9293
1780	9759
1780	11645
1780	12126
1780	12775
1780	14057
1780	14556
1780	14732
1780	15462
1780	20004
1780	26455
1780	38121
12421	17637
12421	17909
12421	18338
12421	18812
12421	19549
12421	19798
12421	20004
12421	20472
12421	24101
12421	31542
12421	38121
12421	39484
3415	3988
3415	4157
3415	4281
3415	4283
3415	5159
3415	6793
3415	9028
3415	17316
3415	21590
3415	24256
3415	36946
3761	3817
3761	3843
3761	4376
3761	5261
3761	6124
3761	6206
3761	6289
3761	7363
3761	8150
3761	8317
3761	8824
3761	9218
3761	10047
3761	10611
3761	11613
3761	12042
3761	12126
3761	12233
3761	12573
3761	12687
3761	12689
3761	14001
3761	15209
3761	16166
3761	16598
3761	18155
3761	21920
3761	21950
3761	24782
3761	25517
3761	25852
3761	38390
4729	6818
4729	10645
4729	16742
4729	20281
16607	29516
16607	34877
4049	4090
4049	4158
4049	4161
4049	4701
4049	5159
4049	6293
4049	6297
4049	7208
4049	8639
4049	8665
4049	8832
4049	9293
4049	10609
4049	10724
4049	11668
4049	12940
4049	13236
4049	13354
4049	13939
4049	14271
4049	14323
4049	14376
4049	14851
4049	15536
4049	18485
4049	19449
4049	20814
4049	21430
4049	22750
4049	23522
4049	26921
4049	29141
4049	34877
4049	36164
10198	14192
10198	14323
10198	14913
10198	16570
10198	19449
10198	22750
10198	26455
6990	7207
6990	7479
6990	8030
6990	8567
6990	8605
6990	8897
6990	10044
6990	10110
6990	10455
6990	10724
6990	11645
6990	11840
6990	12370
6990	12421
6990	12737
6990	17637
6990	17909
6990	18113
6990	18338
6990	18812
6990	19549
6990	19798
6990	20004
6990	20472
6990	24101
6990	30727
6990	31542
6990	38121
10450	11724
10450	12724
10450	13236
10450	13329
10450	13387
10450	14003
10450	14008
10450	14192
10450	14376
10450	15903
10450	15915
10450	17690
10450	20668
10450	20753
10450	22603
10450	22753
10450	24599
10450	24765
10450	28239
10450	28636
10450	30730
10450	35568
10450	35914
10450	36029
10450	43059
20342	30681
20342	34068
20342	36864
4880	5041
4880	5148
4880	5905
4880	6990
4880	7207
4880	7479
4880	8030
4880	8567
4880	8605
4880	8897
4880	9098
4880	10110
4880	10455
4880	10724
4880	11645
4880	11840
4880	12370
4880	12421
4880	17637
4880	17909
4880	18338
4880	18812
4880	19798
4880	20004
4880	30681
4880	31542
17690	19825
17690	20753
17690	24256
17690	26455
17690	27536
17690	28211
17690	28239
17690	30681
17690	32719
17690	34068
17690	36864
4683	5212
4683	6334
4683	6818
4683	7913
4683	8351
4683	8862
4683	9023
4683	12410
4683	12726
4683	12887
4683	13159
4683	15025
4683	15321
4683	15379
4683	15559
4683	15860
4683	16321
4683	17234
4683	17857
4683	20562
4683	20697
4683	23574
4683	26895
4683	27087
4683	27785
4683	41581
12775	20004
12775	20472
35914	36029
35914	38178
35914	43059
9028	9448
9028	10465
9028	11724
9028	13329
9028	13387
9028	14437
9028	17303
9028	17316
9028	17690
9028	19825
9028	20668
9028	20753
9028	21514
9028	21590
9028	22316
9028	28239
9028	29494
9028	30681
9028	36864
2006	2451
2006	3207
2006	3270
2006	3281
2006	3340
2006	3376
2006	4049
2006	4161
2006	4281
2006	4388
2006	4701
2006	5159
2006	6293
2006	6297
2006	6615
2006	7208
2006	8639
2006	8665
2006	8775
2006	8832
2006	13446
2006	13939
2006	14851
2006	15536
2006	16570
2006	17303
2006	17554
2006	17690
2006	18485
2006	20668
2006	20814
2006	26006
2006	26921
2006	36164
2873	2965
2873	3207
2873	3305
2873	3340
2873	4388
2873	4701
2873	4823
2873	5639
2873	5875
2873	7373
2873	8665
2873	8970
2873	9028
2873	10198
2873	11645
2873	11840
2873	13329
2873	13387
2873	13446
2873	14323
2873	17316
2873	17690
2873	17995
2873	18338
2873	18485
2873	19825
2873	24256
2873	27748
2873	28211
2873	30681
2873	34068
10853	11052
10853	12681
10853	13280
10853	13387
10853	14437
10853	16786
10853	17316
10853	19825
10853	21590
10853	21617
10853	22316
10853	22603
6282	10609
6282	10989
6282	12810
6282	12940
6282	14852
6282	17133
6282	20814
6282	23522
6282	29141
3474	4111
3474	9073
3474	10465
3474	16786
3474	25349
3474	28211
3474	35072
3474	39576
3474	40722
12887	13268
12887	15321
12887	15559
12887	17857
12887	20562
12887	23574
3207	3270
3207	3281
3207	3376
3207	3431
3207	4049
3207	4090
3207	4161
3207	4281
3207	4701
3207	5159
3207	6293
3207	6297
3207	6416
3207	6615
3207	6793
3207	8665
3207	9490
3207	10143
3207	11372
3207	13082
3207	14148
3207	14271
3207	15536
3207	16312
3207	18485
3207	20798
3207	26921
3207	36164
3207	38481
12726	13159
12726	15025
12726	15321
12726	15559
12726	17234
12726	17865
12726	26895
12726	27785
12726	41581
14600	28913
6313	8355
6313	10444
6313	10989
6313	12810
6313	14852
6313	17133
6313	18862
6313	19326
6313	29141
6313	29671
9759	18565
9759	19181
9759	19213
564	4388
564	4727
564	5595
564	5905
564	6327
564	6990
564	10044
564	12737
564	20004
564	20472
13152	14779
25349	39576
25349	40722
25349	43059
21617	21920
21617	21950
21617	22316
21617	24782
21617	25517
21617	25852
4741	4880
4741	5041
4741	5905
4741	6990
4741	7207
4741	7479
4741	8030
4741	8567
4741	8605
4741	8897
4741	8970
4741	10044
4741	10110
4741	10455
4741	10724
4741	11645
4741	11840
4741	12370
4741	12421
4741	14057
4741	17637
4741	17995
4741	18338
4741	18812
4741	19549
4741	20004
4741	21514
4741	24256
4741	26455
4741	29141
4741	30681
4741	30727
4741	31542
4741	36864
4741	38121
1094	2509
1094	2863
1094	3262
1094	3340
1094	3376
1094	3878
1094	4049
1094	4158
1094	4880
1094	5148
1094	5159
1094	5875
1094	5905
1094	6293
1094	6297
1094	6990
1094	7207
1094	7479
1094	8030
1094	8567
1094	8665
1094	9098
1094	10110
1094	10724
1094	11645
1094	11840
1094	12370
1094	12421
1094	12940
1094	14323
1094	17909
1094	18338
1094	18485
1094	18812
1094	19449
1094	19549
1094	20004
1094	22750
1094	23522
1094	24101
1094	31542
1094	36164
1094	38121
10044	10110
10044	10724
10044	11645
10044	11840
10044	12370
10044	12421
10044	12737
10044	17637
10044	17909
10044	19549
10044	20004
10044	20472
10044	38121
6793	7208
6793	8215
6793	8260
6793	8351
6793	8775
6793	9568
6793	10143
6793	10433
6793	10515
6793	11372
6793	13354
6793	13825
6793	13939
6793	14075
6793	14271
6793	14600
6793	14851
6793	17303
6793	18485
6793	25744
6793	26006
6793	28913
6793	36164
16312	36164
16312	38481
12681	13236
12681	13387
12681	14003
12681	14192
12681	14376
12681	14437
12681	15903
12681	15915
12681	16603
12681	17316
12681	20668
12681	21590
12681	22603
12681	22753
12681	24765
12681	29141
12681	30730
12681	35568
12681	43059
10047	11613
10047	12042
10047	12126
10047	12233
10047	12573
10047	12687
10047	12689
10047	12737
10047	12775
10047	14556
10047	15209
10047	15462
10047	16166
10047	16297
10047	16598
10047	17909
10047	18155
10047	20004
10047	20472
10047	21617
10047	21920
10047	21950
10047	24782
10047	25517
10047	25852
10047	26455
10047	38390
15	1065
15	1516
15	1734
15	2330
15	2426
15	2745
15	2935
15	3767
15	4281
15	6615
15	6793
15	7346
15	8639
15	8832
15	9490
15	13354
15	16312
15	28913
15	34877
15	38481
28636	30730
28636	35568
28636	35914
28636	36029
28636	38178
28636	43059
15379	16321
15379	16607
15379	17234
15379	17865
15379	26895
15379	27087
15379	29516
15379	38481
24782	25852
184	798
184	1094
184	1780
184	2451
184	2714
184	2767
184	3240
184	3270
184	3340
184	3376
184	4049
184	4090
184	4255
184	5159
184	6124
184	6293
184	6297
184	7208
184	9293
184	10724
184	12940
184	13939
184	14057
184	14323
184	14732
184	15462
184	18485
184	19449
184	22750
184	36164
933	1734
933	2466
933	4388
933	5875
933	7373
933	7410
933	10341
933	10465
933	11724
933	12724
933	13236
933	13329
933	14003
933	14008
933	14376
933	15915
933	17690
933	20753
933	22603
933	22753
933	24256
933	28211
933	28636
933	35914
933	36029
933	43059
15376	20313
15376	30727
12108	14732
12108	14913
12108	20472
12108	26006
3121	6990
3121	10110
3121	11645
3121	14323
8824	10047
8824	10095
8824	11613
8824	12126
8824	12573
8824	12689
8824	12775
8824	14001
8824	15209
8824	15462
8824	16166
8824	16598
8824	18155
8824	18693
8824	20472
8824	21920
8824	25852
8824	26455
8824	38390
2745	2935
2745	3281
2745	3376
2745	4049
2745	4161
2745	4281
2745	5159
2745	5988
2745	6293
2745	6615
2745	6793
2745	7208
2745	7346
2745	8639
2745	8775
2745	8832
2745	9490
2745	10515
2745	10946
2745	13082
2745	13354
2745	13939
2745	14148
2745	14600
2745	14851
2745	15536
2745	16312
2745	17303
2745	17554
2745	20592
2745	25744
2745	26921
2745	28913
2745	36164
2745	38481
1065	1368
1065	1516
1065	1734
1065	2330
1065	2426
1065	2745
1065	2935
1065	3207
1065	3270
1065	3376
1065	3767
1065	4281
1065	5159
1065	6615
1065	6793
1065	8215
1065	8639
1065	9490
1065	9645
1065	10515
1065	10946
1065	13236
1065	13354
1065	14437
1065	14600
1065	15536
1065	20592
1065	28913
10444	14148
10444	14852
10444	17133
10444	17303
10444	18862
10444	23522
2965	4158
2965	4741
2965	4880
2965	5041
2965	7207
2965	7479
2965	10110
2965	10455
2965	10724
2965	11645
2965	11840
2965	12370
2965	17909
2965	17995
2965	18338
2965	18812
2965	19798
2965	31542
2965	34527
12042	12233
12042	12687
12042	12689
12042	14001
12042	15297
12042	16598
12042	17316
12042	18155
12042	21617
12042	21920
12042	21950
532	1040
532	1047
532	1094
532	3207
532	3376
532	5159
532	6282
532	10609
532	12940
532	14852
532	17133
532	19449
532	20814
532	23522
15903	15915
15903	16570
15903	16786
15903	17316
15903	18812
15903	19825
15903	20668
15903	22603
15903	22753
15903	24599
15903	24765
15903	25349
15903	28239
15903	28636
15903	29494
15903	35072
15903	35568
15903	35914
6293	6297
6293	6416
6293	6793
6293	7208
6293	7346
6293	8775
6293	9645
6293	10946
6293	13939
6293	14271
6293	14851
6293	14913
6293	15536
6293	16786
6293	17554
6293	18485
6293	19449
6293	20798
6293	22750
6293	25744
6293	26006
6293	26921
6293	36164
6293	38481
13082	14148
13082	20798
13082	29181
13082	34877
13082	38481
26921	29141
26921	36164
8351	8862
8351	9023
8351	9490
8351	11052
8351	12726
8351	13159
8351	15025
8351	15321
8351	15379
8351	15559
8351	15860
8351	16607
8351	20697
8351	21476
8351	26670
8351	26895
8351	27087
8351	27785
8351	41581
14148	14851
14148	17491
14148	20798
14148	29181
26670	26895
26670	27087
26670	27785
26670	41581
2	895
2	2097
2	2466
2	2529
2	4090
2	4157
2	4388
2	5147
2	7890
2	8665
2	9712
2	10465
2	11724
2	12674
2	12681
2	12724
2	13236
2	13446
2	14008
2	14192
2	14323
2	14376
2	16570
2	16603
2	19449
2	20753
2	21514
2	21963
2	22603
2	22753
2	24256
2	24599
2	24765
2	27748
2	28239
2	29141
2	35072
2	36029
2	36864
22316	36946
1168	1411
1168	2303
1168	2369
1168	3988
1168	4255
1168	5159
1168	6416
1168	8030
1168	8260
1168	8775
1168	11372
1168	12233
1168	13082
1168	14148
1168	14271
1168	16607
1168	17303
1168	17491
1168	18485
1168	20562
1168	20798
1168	36164
1168	38481
906	975
906	1891
906	2657
906	2946
906	3283
906	3739
906	3843
906	4618
906	7363
906	10611
906	12100
906	14001
906	14544
906	15297
906	16040
906	21590
906	21950
3240	9293
3240	9759
6615	6793
6615	7208
6615	7346
6615	8639
6615	8775
6615	8832
6615	9098
6615	9645
6615	10946
6615	11668
6615	13354
6615	13939
6615	14271
6615	14851
6615	15536
6615	16570
6615	17303
6615	17554
6615	20592
6615	26921
6615	28913
6615	38481
13329	14323
13329	14376
13329	17690
13329	18113
13329	19825
13329	20753
13329	24256
13329	26455
13329	27536
13329	28211
13329	30681
13329	32719
13329	34068
13329	36864
32719	34068
32719	36864
6289	6919
6289	7363
6289	7449
6289	8150
6289	9218
6289	10611
6289	11613
6289	12126
6289	12233
6289	12573
6289	12687
6289	12689
6289	13280
6289	14001
6289	14544
6289	15209
6289	15462
6289	16040
6289	16166
6289	16297
6289	16598
6289	18155
6289	19825
6289	21617
6289	21920
6289	24782
6289	25517
8654	9028
8654	9218
8654	10047
8654	10444
8654	10611
8654	11052
8654	11724
8654	14437
8654	17316
8654	19825
8654	27844
8654	28239
8654	30681
2369	3988
2369	4683
2369	6334
2369	6818
2369	7913
2369	8260
2369	8862
2369	9023
2369	11055
2369	13159
2369	15025
2369	15184
2369	15559
2369	17491
2369	29516
2369	41581
12126	12687
12126	14001
12126	14556
12126	15209
12126	15297
12126	15462
12126	16297
12126	16598
12126	17435
12126	20004
12126	21920
12126	25517
12126	25852
13446	14323
13446	14376
13446	15903
13446	16570
13446	18812
13446	20753
13446	21514
13446	24256
13446	27536
13446	27748
13446	27844
13446	28211
13446	29141
13446	29494
13446	34068
13446	34527
13446	35072
13446	36864
17316	19825
17316	21590
17316	21617
17316	22316
17316	24765
17316	24782
17316	30681
24101	39484
10281	10465
10281	10611
10281	10853
10281	13387
10281	14437
10281	15903
10281	16786
10281	43059
12687	12689
12687	13280
12687	14001
12687	14556
12687	15209
12687	15297
12687	15462
12687	16598
12687	17435
12687	18155
12687	21617
12687	21920
12687	21950
12687	24782
12687	25517
5114	5167
5114	5843
5114	10645
5114	11667
5114	16742
5114	20281
14075	14779
14075	14852
14075	27785
24765	28239
24765	28636
24765	35568
24765	35914
24765	36029
24765	38178
24765	43059
25517	25852
34068	36864
1452	2548
1452	6313
1452	8150
1452	8355
1452	10444
1452	12810
1452	13354
1452	14852
1452	17133
1452	18862
1452	19326
20668	20753
20668	21963
20668	22603
20668	22753
20668	24599
20668	24765
20668	28239
20668	35072
20668	35568
29494	30730
29494	35914
12724	13236
12724	14003
12724	14008
12724	14192
12724	14376
12724	15915
12724	16603
12724	17690
12724	20668
12724	20753
12724	22603
12724	22753
12724	24256
12724	24599
12724	24765
12724	28239
12724	28636
12724	29494
12724	32719
12724	35568
12724	36029
12724	38178
12724	43059
7207	7479
7207	8030
7207	8567
7207	8605
7207	10110
7207	10455
7207	10724
7207	11645
7207	11840
7207	12370
7207	12421
7207	17637
7207	17909
7207	18338
7207	18812
7207	19798
7207	20004
7207	30727
7207	31542
7207	38121
15209	15297
15209	15462
15209	16166
15209	16297
15209	16598
15209	18155
15209	20004
15209	21617
15209	21920
15209	21950
15209	24782
15209	25517
15209	25852
15209	38390
8150	9218
8150	10047
8150	10853
8150	12233
8150	12687
8150	12689
8150	13280
8150	14001
8150	14556
8150	16598
8150	17316
8150	18113
8150	20004
17909	18338
17909	18812
17909	20004
17909	20472
17909	38121
17909	39484
19549	20004
19549	24101
19549	30681
19549	38121
9448	9939
9448	10611
9448	11372
9448	12100
9448	13280
9448	15297
9448	16598
9448	17316
9448	18693
9448	19825
9448	21617
9448	22316
9448	24782
22603	22753
22603	24599
22603	24765
22603	28239
22603	28636
22603	29494
22603	35568
22603	35914
22603	36029
22603	38178
4255	5159
4255	6293
4255	6297
4255	6818
4255	7208
4255	15379
4255	16607
4255	17234
4255	17865
4255	18485
4255	19449
4255	20798
4255	21476
4255	29516
4255	29671
4255	36164
19181	19213
6818	8260
6818	8862
6818	12887
6818	13268
6818	15321
6818	15379
6818	15559
6818	15860
6818	16321
6818	16607
6818	17234
6818	21476
6818	23574
6818	26670
6818	26895
6818	27087
11291	11684
11291	13152
11291	15321
11291	15860
11291	20697
11291	23574
11291	26670
11291	27785
4865	4967
4865	5537
4865	6124
4865	6206
4865	6515
4865	7363
4865	7449
4865	9218
4865	10611
4865	10853
4865	12100
4865	12573
4865	12689
4865	13280
4865	15297
4865	16040
4865	16297
4865	16598
4865	17316
4865	17435
4865	17726
4865	19825
4865	21617
4865	21920
4865	24782
17133	17316
17133	18862
17133	19326
17133	23522
17133	29671
17133	36829
7108	9028
7108	10465
7108	13387
7108	21590
7108	28239
7108	34068
5875	7373
5875	7410
5875	8970
5875	9028
5875	11724
5875	13329
5875	14003
5875	14323
5875	17316
5875	17690
5875	19825
5875	20753
5875	21514
5875	24256
5875	28211
5875	28239
5875	30681
5875	32719
5875	36864
15559	17234
15559	27785
15559	38481
21476	26895
21476	27087
21476	29516
12689	14001
12689	14437
12689	14556
12689	15209
12689	15462
12689	16166
12689	16598
12689	17316
12689	18693
12689	19825
12689	21617
12689	21920
12689	21950
12689	24782
12689	25852
16570	17690
16570	19449
16570	20668
16570	20814
16570	21963
16570	22750
16570	24599
16570	27748
16570	28211
16570	35072
16570	36864
2310	2375
2310	2657
2310	2946
2310	2964
2310	3283
2310	3739
2310	3748
2310	3767
2310	3988
2310	4062
2310	4376
2310	4618
2310	4865
2310	5537
2310	6206
2310	6289
2310	6524
2310	6987
2310	7363
2310	8215
2310	8317
2310	8654
2310	9218
2310	9939
2310	11052
2310	11055
2310	12100
2310	14001
2310	14544
2310	14556
2310	15297
2310	16040
2310	16598
2310	17316
2310	17435
2310	19825
2310	21590
2310	21617
2310	22316
2310	24782
9073	10281
9073	10450
9073	10465
9073	12681
9073	13387
9073	13719
9073	14437
9073	15903
9073	16786
9073	17690
9073	20668
9073	22753
9073	25349
9073	28239
9073	43059
30730	35914
30730	36029
30730	38178
1162	2946
1162	3291
1162	3761
1162	3817
1162	3843
1162	4618
1162	5261
1162	5988
1162	6124
1162	6206
1162	7363
1162	7449
1162	8150
1162	9218
1162	10047
1162	10611
1162	11613
1162	12042
1162	12126
1162	12573
1162	12687
1162	12689
1162	13280
1162	14001
1162	14556
1162	15209
1162	15297
1162	15462
1162	16166
1162	16598
1162	18155
1162	21920
1162	25517
7208	7346
7208	8639
7208	8775
7208	8832
7208	9645
7208	13354
7208	13939
7208	14271
7208	14851
7208	15536
7208	16570
7208	17303
7208	17491
7208	18485
7208	22750
7208	25744
7208	26921
7208	36164
2284	2310
2284	2375
2284	2657
2284	2946
2284	2964
2284	3739
2284	3843
2284	4062
2284	4376
2284	4967
2284	6289
2284	6515
2284	8317
2284	8654
2284	9028
2284	9218
2284	9448
2284	9939
2284	10611
2284	12100
2284	12687
2284	13280
2284	13329
2284	15297
2284	16040
2284	16598
2284	17316
2284	17690
2284	19825
2284	21590
2284	21617
2284	22316
2284	24782
3878	4741
3878	4880
3878	5041
3878	5148
3878	5905
3878	6990
3878	7207
3878	7479
3878	8030
3878	8567
3878	8605
3878	10044
3878	10110
3878	10455
3878	10724
3878	11645
3878	11840
3878	12370
3878	12421
3878	13329
3878	17637
3878	17690
3878	17909
3878	18338
3878	18812
3878	19549
3878	20004
3878	24101
3878	30727
3878	38121
3878	39484
183	1343
183	2222
183	2286
183	4062
183	4376
183	7108
183	8317
183	10047
183	14544
183	16166
183	21617
183	22316
183	24782
183	25852
3305	4157
3305	4388
3305	4741
3305	5159
3305	5639
3305	5875
3305	6990
3305	7373
3305	8970
3305	9028
3305	9272
3305	10465
3305	11724
3305	13329
3305	16596
3305	17690
3305	18113
3305	20342
3305	20753
3305	21514
3305	21963
3305	24256
3305	26455
3305	27844
3305	28211
3305	28239
3305	30681
3305	32719
3305	34068
3305	36864
17303	17491
17303	17554
17303	19825
17303	20798
17303	29671
17303	38481
110	189
110	1452
110	6311
110	6313
110	10444
110	11684
110	18862
2286	2946
2286	2964
2286	3739
2286	3843
2286	4062
2286	5147
2286	5537
2286	6854
2286	7108
2286	7373
2286	7449
2286	8317
2286	9028
2286	10465
2286	13387
2286	21590
14271	14376
14271	14851
14271	14913
14271	15536
14271	17303
14271	18485
14271	20798
14271	26006
14271	26921
14271	27536
14271	28239
14271	29141
14271	36164
2509	2863
2509	2887
2509	3262
2509	3878
2509	4158
2509	4741
2509	5041
2509	5148
2509	5905
2509	6990
2509	7207
2509	7479
2509	8030
2509	8605
2509	8897
2509	10110
2509	10235
2509	11840
2509	12370
2509	12421
2509	14323
2509	18338
2509	20004
9023	11055
9023	13159
9023	15025
9023	20697
9023	26670
9023	27087
9023	41581
189	1411
189	2310
189	2330
189	2369
189	2487
189	3243
189	3340
189	3988
189	4683
189	6334
189	6416
189	6818
189	8260
189	8351
189	8862
189	11291
189	11684
189	13152
189	13159
189	14075
189	14779
189	15025
189	15321
189	15559
189	17234
189	23574
189	26670
189	27785
189	29671
189	34877
12810	19326
12810	20814
696	975
696	1083
696	2873
696	2946
696	3283
696	3748
696	4618
696	4730
696	4865
696	5988
696	6206
696	6524
696	7363
696	8150
696	8215
696	9218
696	10611
696	12233
696	12689
696	15297
696	16598
696	17435
696	19825
696	21590
696	21920
696	21950
90	1065
90	1168
90	1411
90	1516
90	1734
90	2330
90	2426
90	2451
90	2745
90	2935
90	3207
90	3270
90	3376
90	4281
90	5988
90	6615
90	6793
90	8150
90	8260
90	8639
90	8775
90	9568
90	10515
90	12689
90	13354
90	14437
90	14600
90	15025
90	28913
90	36164
90	38481
7410	7890
7410	9712
7410	10341
7410	10450
7410	12681
7410	12724
7410	13236
7410	14003
7410	14008
7410	14192
7410	14376
7410	15903
7410	15915
7410	20668
7410	20753
7410	21963
7410	22603
7410	22753
7410	24765
7410	28636
7410	35568
7410	35914
7410	36029
7410	38178
28211	28239
28211	32719
28211	34527
28211	35072
28211	35568
28211	36864
14437	15903
14437	16786
14437	17316
14437	19825
14437	21590
14437	21950
371	12810
10465	10853
10465	11724
10465	12724
10465	13236
10465	13329
10465	13387
10465	13446
10465	14192
10465	14376
10465	14437
10465	15903
10465	16570
10465	16603
10465	16786
10465	17316
10465	17690
10465	20668
10465	20753
10465	21514
10465	21590
10465	21963
10465	22603
10465	22753
10465	24256
10465	24599
10465	27536
10465	27748
10465	28211
10465	28239
10465	29141
10465	29494
10465	32719
10465	35072
10465	36029
10465	36864
10465	36946
5261	6124
5261	6206
5261	6289
5261	6919
5261	7449
5261	9218
5261	9939
5261	10611
5261	11613
5261	12042
5261	12126
5261	12233
5261	12573
5261	12687
5261	12689
5261	13280
5261	14001
5261	15209
5261	15297
5261	16598
5261	18155
5261	21617
5261	21920
5261	25517
5261	25852
18812	19798
18812	31542
18812	38121
3243	4447
3243	4683
3243	6334
3243	6818
3243	7913
3243	8351
3243	8862
3243	9023
3243	11291
3243	12726
3243	14075
3243	15321
3243	15860
3243	16321
3243	20697
3243	21476
3243	23574
3243	26670
3243	26895
3243	27087
3243	27785
3243	41581
4090	4161
4090	4281
4090	4701
4090	6293
4090	6297
4090	8639
4090	8897
4090	10609
4090	10724
4090	11668
4090	13354
4090	13939
4090	14323
4090	14851
4090	14913
4090	15536
4090	16570
4090	18485
4090	19326
4090	20814
4090	21514
4090	22750
4090	23522
4090	25744
4090	26006
4090	26921
4090	29141
4090	36164
4090	38481
11840	12370
11840	12421
11840	13329
11840	17637
11840	17690
11840	17909
11840	18338
11840	18812
11840	19549
11840	19798
11840	20004
11840	20472
11840	30727
11840	38121
6327	10044
6327	10047
6327	12737
6327	20004
6327	20472
6327	38390
3431	3988
3431	11291
3431	13152
3431	13719
3431	14852
10609	12940
10609	14852
10609	15536
10609	19449
10609	20814
10609	23522
9645	10515
9645	10946
9645	11372
9645	12108
9645	15184
9645	15536
9645	17303
9645	23522
9645	26921
9645	29141
9645	36164
9645	38481
4727	4741
4727	4880
4727	5595
4727	5905
4727	6327
4727	6990
4727	7207
4727	8030
4727	8567
4727	9028
4727	10044
4727	10724
4727	11645
4727	12370
4727	12737
4727	17637
4727	18338
4727	20004
4727	30727
4727	31542
4727	38121
1842	36192
2946	2964
2946	3283
2946	3305
2946	3739
2946	3761
2946	3817
2946	3843
2946	4062
2946	4618
2946	4865
2946	4967
2946	5261
2946	5537
2946	5639
2946	5988
2946	6124
2946	6206
2946	6289
2946	6515
2946	6987
2946	7363
2946	8215
2946	8317
2946	8654
2946	9218
2946	9448
2946	10611
2946	11052
2946	12100
2946	12126
2946	12233
2946	12421
2946	12687
2946	12689
2946	13280
2946	14001
2946	14544
2946	15297
2946	15462
2946	16040
2946	16297
2946	16598
2946	17316
2946	17435
2946	19825
2946	21590
2946	21617
2946	21920
2946	25517
2946	25852
35568	35914
35568	36029
20753	21963
20753	22603
20753	22753
20753	24256
20753	24599
20753	24765
20753	27748
20753	28211
20753	28239
20753	28636
20753	32719
20753	34068
20753	36029
13268	17234
5988	6124
5988	6793
5988	8150
5988	8215
5988	8317
5988	9218
5988	10515
5988	10611
5988	10946
5988	12042
5988	12100
5988	12108
5988	12233
5988	12687
5988	12689
5988	14556
5988	15209
5988	15462
5988	16598
5988	17316
5988	17491
5988	21920
5988	21950
5988	24782
5988	25744
11052	14437
11052	16321
11052	16598
11052	17316
11052	19825
11052	36946
11052	41581
13159	15025
13159	15559
13159	15860
13159	17865
13159	20697
13159	26895
13159	41581
30681	32719
30681	34068
30681	36864
17491	28336
17491	29516
17491	38481
2487	3587
2487	4683
2487	6334
2487	6818
2487	7913
2487	8260
2487	8862
2487	12887
2487	15321
2487	15559
2487	16607
2487	17857
2487	20562
2487	38481
4267	18640
12573	12687
12573	12689
12573	14001
12573	15209
12573	15297
12573	15462
12573	16166
12573	16297
12573	16598
12573	18155
12573	21920
12573	21950
12573	25517
12573	25852
12573	38390
10455	11645
10455	11840
10455	12370
10455	12421
10455	18338
10455	18812
10455	19798
10455	31542
27087	29516
2863	2887
2863	2965
2863	3262
2863	3340
2863	3878
2863	4158
2863	4727
2863	4741
2863	4880
2863	5041
2863	5148
2863	5905
2863	6990
2863	7207
2863	7479
2863	8030
2863	8567
2863	8605
2863	8897
2863	10044
2863	10110
2863	10455
2863	10724
2863	11645
2863	11840
2863	12370
2863	12421
2863	17637
2863	17909
2863	18338
2863	18812
2863	19549
2863	19798
2863	20004
2863	30727
2863	31542
2863	38121
6512	9712
6512	10341
6512	10853
6512	12681
6512	12724
6512	13236
6512	14003
6512	14192
6512	14376
6512	14437
6512	15903
6512	15915
6512	20668
6512	20753
6512	22603
6512	22753
6512	24765
6512	28239
6512	28636
6512	35914
6512	43059
9712	10341
9712	10450
9712	12724
9712	13236
9712	14003
9712	14008
9712	14192
9712	14376
9712	15903
9712	15915
9712	17316
9712	20668
9712	20753
9712	22603
9712	22753
9712	24599
9712	24765
9712	28239
9712	28636
9712	35914
9712	36029
9712	43059
5159	6297
5159	6416
5159	6615
5159	6793
5159	7208
5159	8150
5159	8775
5159	8832
5159	9293
5159	10143
5159	11372
5159	13939
5159	14271
5159	14323
5159	14851
5159	15379
5159	16312
5159	16786
5159	17234
5159	17303
5159	17554
5159	18485
5159	19449
5159	26006
5159	26921
5159	29516
5159	36164
9939	10611
9939	10853
9939	11372
9939	12100
9939	13280
9939	16040
9939	16598
9939	21617
9939	24782
14057	14323
14057	14732
14057	16570
14057	18338
14057	19449
14057	20004
14057	26455
14779	17303
14779	26670
2657	2946
2657	2964
2657	3376
2657	3415
2657	3739
2657	3748
2657	4062
2657	4157
2657	4618
2657	4823
2657	4865
2657	5159
2657	6206
2657	6987
2657	9028
2657	9939
2657	10143
2657	10281
2657	10465
2657	10853
2657	11372
2657	12126
2657	13387
2657	14437
2657	15903
2657	17316
2657	19825
2657	21590
2657	28239
2657	43059
15860	17857
15860	26670
15860	26895
15860	27087
15860	27785
1516	1734
1516	2006
1516	2451
1516	2745
1516	2935
1516	3207
1516	3270
1516	3281
1516	4049
1516	4090
1516	4161
1516	4281
1516	4701
1516	5159
1516	6293
1516	6297
1516	6615
1516	6793
1516	7208
1516	7346
1516	8639
1516	8775
1516	8832
1516	9293
1516	9645
1516	10946
1516	11668
1516	12674
1516	13354
1516	13939
1516	14600
1516	14851
1516	15536
1516	16312
1516	16570
1516	17303
1516	17554
1516	19449
1516	20592
1516	25744
1516	26921
1516	28913
1516	36164
1516	38481
14913	16312
14913	20313
14913	25744
14913	26006
14913	38481
3376	3415
3376	3767
3376	4049
3376	4090
3376	4161
3376	4255
3376	4281
3376	4701
3376	4823
3376	5159
3376	6293
3376	6297
3376	6615
3376	6793
3376	7208
3376	8150
3376	8832
3376	9293
3376	10143
3376	13939
3376	14323
3376	15379
3376	16312
3376	16786
3376	17234
3376	17554
3376	18485
3376	19449
3376	20798
3376	22750
3376	26006
3376	26921
3376	36164
3376	38481
10515	10946
10515	11372
10515	12042
10515	12233
10515	12689
10515	13825
10515	14851
10515	17491
10515	21950
10515	25744
10515	26921
10515	28336
2529	4049
2529	4157
2529	4388
2529	7410
2529	7890
2529	8665
2529	9490
2529	10143
2529	10450
2529	11668
2529	12724
2529	13236
2529	14003
2529	14008
2529	14192
2529	14376
2529	16570
2529	20753
2529	21514
2529	22603
2529	22753
2529	24765
2529	29141
2529	35568
2529	35914
2529	36029
2529	43059
5595	6990
5595	8567
5595	9293
5595	10044
5595	10047
5595	12126
5595	12737
5595	12775
5595	20004
5595	20472
6903	7346
6903	14913
6903	20313
19825	21590
19825	21617
19825	22316
19825	28211
19825	30681
5537	6206
5537	6515
5537	7108
5537	8317
5537	9939
5537	10465
5537	10611
5537	10853
5537	11613
5537	12100
5537	13280
5537	15297
5537	16040
5537	16598
5537	17316
5537	17435
5537	17726
5537	21590
5537	24782
5537	36946
11684	13152
11684	18862
11684	20697
11684	21476
11684	26670
10110	10455
10110	10724
10110	11645
10110	11840
10110	12370
10110	12421
10110	14323
10110	17637
10110	17909
10110	18338
10110	18812
10110	19798
10110	20004
10110	30727
10110	31542
10110	39484
6206	6289
6206	6515
6206	7363
6206	7449
6206	8654
6206	9218
6206	10611
6206	12042
6206	12100
6206	12126
6206	12573
6206	12687
6206	12689
6206	13280
6206	14001
6206	14544
6206	14556
6206	15209
6206	15297
6206	15462
6206	16297
6206	16598
6206	17435
6206	17726
6206	18155
6206	19825
6206	21920
6206	24782
6206	25517
6206	25852
23574	26670
23574	26895
1046	2097
1046	2448
1046	3207
1046	3270
1046	3340
1046	4049
1046	4090
1046	6293
1046	6297
1046	8639
1046	8665
1046	9293
1046	10143
1046	11668
1046	13446
1046	13939
1046	14851
1046	15536
1046	19326
1046	19449
1046	20814
1046	22750
1046	23522
1046	26921
1046	29141
1046	34877
1046	36164
12233	12687
12233	12689
12233	14001
12233	15209
12233	16166
12233	16598
12233	18693
12233	19825
12233	21920
12233	21950
12233	25852
11667	16742
11667	19634
11667	20281
16598	17316
16598	18155
16598	21617
16598	21920
16598	21950
16598	24782
16598	25517
16598	25852
2330	4255
2330	4281
2330	6793
2330	8832
2330	8862
2330	12410
2330	15321
2330	15559
2330	16607
2330	26670
2330	26921
8665	9272
8665	10143
8665	10198
8665	10450
8665	10465
8665	11668
8665	11724
8665	12674
8665	13329
8665	13446
8665	13939
8665	14323
8665	14376
8665	16570
8665	16603
8665	19449
8665	20753
8665	20814
8665	21514
8665	21963
8665	22750
8665	24256
8665	27748
8665	28211
8665	28239
8665	29141
8665	32719
8665	35072
8665	36029
8665	36164
8665	36864
17995	20004
17995	30727
17995	38121
28239	30681
28239	32719
28239	34068
28239	35568
28239	36029
28239	36864
16321	16607
16321	20697
16321	27748
21514	27536
21514	27844
21514	28211
21514	28239
21514	29141
21514	30681
21514	32719
21514	35072
21514	36864
3817	3843
3817	4376
3817	4618
3817	5261
3817	6124
3817	6206
3817	6289
3817	7363
3817	7449
3817	8150
3817	8824
3817	9218
3817	9448
3817	10047
3817	10611
3817	11613
3817	12042
3817	12126
3817	12573
3817	12687
3817	12689
3817	13280
3817	14001
3817	15209
3817	15297
3817	15462
3817	16166
3817	16598
3817	18155
3817	21920
3817	24782
3817	25517
3817	25852
20697	26670
20697	26895
20697	27087
3283	3843
3283	4618
3283	4730
3283	4865
3283	5988
3283	6124
3283	6206
3283	6289
3283	6987
3283	9218
3283	10515
3283	12689
3283	14544
3283	16040
3283	16598
3283	21617
3283	25517
9568	15184
9568	15559
9568	16321
9568	20697
9568	38481
4447	4683
4447	5212
4447	6334
4447	7913
4447	8351
4447	8862
4447	9023
4447	11291
4447	12410
4447	12726
4447	13152
4447	13159
4447	15321
4447	15559
4447	15860
4447	17234
4447	17857
4447	17865
4447	20562
4447	20697
4447	21476
4447	26670
4447	26895
4447	27087
4447	27785
4447	29516
4447	41581
4967	5537
4967	6206
4967	6289
4967	6515
4967	6524
4967	6919
4967	7363
4967	8654
4967	9448
4967	9939
4967	10611
4967	10853
4967	12100
4967	14544
4967	15297
4967	16040
4967	16297
4967	17435
4967	17726
4967	21590
4967	24782
4967	25852
2714	2767
2714	9218
2714	9293
2714	14057
2714	14556
2714	14732
431	1899
431	2369
431	3243
431	3587
431	4255
431	4447
431	4683
431	5212
431	6334
431	6818
431	8351
431	8862
431	9023
431	11291
431	11684
431	13152
431	15025
431	15321
431	15379
431	15860
431	16321
431	17234
431	20697
431	21476
431	26670
431	26895
431	27087
431	29516
16742	20281
18485	36164
5147	6854
5147	6987
5147	7108
5147	7373
5147	8665
5147	9028
5147	9073
5147	9272
5147	9448
5147	10465
5147	11724
5147	12681
5147	12724
5147	13236
5147	13387
5147	13446
5147	14003
5147	14192
5147	14376
5147	16603
5147	20668
5147	21590
5147	22603
5147	22753
5147	27748
5147	27844
5147	28211
5147	28239
5147	30727
5147	32719
5147	35568
18693	21920
18693	21950
18693	24782
5212	9023
5212	11684
5212	15379
5212	17234
5212	17865
5212	20562
5212	20697
5212	26670
5212	26895
5212	27087
5212	29516
11613	12126
11613	12573
11613	12687
11613	14001
11613	15209
11613	15462
11613	16166
11613	16297
11613	18155
11613	21617
11613	21920
11613	24782
11613	25517
11613	25852
11613	38390
3748	4157
3748	4823
3748	5147
3748	6512
3748	6524
3748	6987
3748	7108
3748	7373
3748	8150
3748	8215
3748	8654
3748	9028
3748	9073
3748	10143
3748	10465
3748	10853
3748	12681
3748	13387
3748	14437
3748	15903
3748	16603
3748	16786
3748	17316
3748	19825
3748	20668
3748	21590
3748	21950
3748	28239
3748	29494
3748	34068
14544	15297
14544	16040
14544	17435
14544	21590
17435	17726
17435	24782
3281	3376
3281	4049
3281	4090
3281	4161
3281	4701
3281	5159
3281	6293
3281	6297
3281	6615
3281	7208
3281	8639
3281	8775
3281	8832
3281	11668
3281	12674
3281	12940
3281	13354
3281	13939
3281	14323
3281	14851
3281	15536
3281	16570
3281	17303
3281	17554
3281	19449
3281	20592
3281	23522
3281	26921
3281	36164
3281	38481
10611	12042
10611	12100
10611	12126
10611	12687
10611	12689
10611	13280
10611	14001
10611	14544
10611	15209
10611	15297
10611	15462
10611	16166
10611	16297
10611	16598
10611	17435
10611	17726
10611	18155
10611	19825
10611	21617
10611	24782
10611	25517
10611	25852
13387	14437
13387	15903
13387	16786
13387	17316
13387	19825
13387	21590
13387	24599
13387	30730
13387	34068
13387	36946
13387	43059
1115	1607
1115	1891
1115	2310
1115	2873
1115	2946
1115	2964
1115	3739
1115	3843
1115	4618
1115	4865
1115	4967
1115	5537
1115	6515
1115	8317
1115	9218
1115	10611
1115	10853
1115	13280
1115	16040
1115	17316
1115	17435
1115	17726
1115	21590
1115	21617
1115	24782
1891	2657
1891	2946
1891	3739
1891	3994
1891	4967
1891	5159
1891	6515
1891	7363
1891	8654
1891	9073
1891	10611
1891	10853
1891	12100
1891	12681
1891	13387
1891	14437
1891	14544
1891	16040
1891	21920
1891	36946
9293	13939
9293	14057
9293	14556
9293	14732
9293	16166
9293	26455
2222	2303
2222	3988
2222	6416
2222	13082
2222	17491
2222	28336
9490	10946
9490	14271
9490	14600
9490	15536
9490	17554
9490	28913
9490	29141
2466	2657
2466	4823
2466	5639
2466	5875
2466	9028
2466	9073
2466	9272
2466	10450
2466	10465
2466	11724
2466	12724
2466	13446
2466	13719
2466	14008
2466	15903
2466	16786
2466	20668
2466	24256
2466	28211
2466	30681
2466	36029
2466	43059
8215	8317
8215	9218
8215	10515
8215	10611
8215	12042
8215	12233
8215	12689
8215	14437
8215	17316
8215	18693
8215	21950
854	1083
854	1820
854	2284
854	3305
854	3739
854	3748
854	4157
854	4388
854	4618
854	4865
854	4967
854	5639
854	5875
854	6515
854	7363
854	7373
854	8654
854	8970
854	9028
854	10853
854	13387
854	15297
854	16603
854	17316
854	18113
854	19825
854	20342
854	34877
5167	5843
5167	10645
5167	11667
5167	16742
5167	19634
5167	20281
3262	4741
3262	4880
3262	5041
3262	5148
3262	5905
3262	6990
3262	7207
3262	7479
3262	8030
3262	8567
3262	8605
3262	10044
3262	10110
3262	10455
3262	11645
3262	11840
3262	12370
3262	12421
3262	17637
3262	18338
3262	18812
3262	20004
3262	31542
3262	39484
60	183
60	2284
60	4062
60	7108
60	8317
60	9028
60	9448
60	10433
60	19825
60	22316
60	28336
6334	6818
6334	7913
6334	8351
6334	8862
6334	11291
6334	12726
6334	12887
6334	13159
6334	15321
6334	15559
6334	16321
6334	16607
6334	17857
6334	20697
6334	27748
6334	41581
25744	28336
15321	15559
15321	16321
15321	16607
15321	17234
15321	23574
15321	26670
15321	27087
15321	27748
15321	27785
15321	29671
4157	4388
4157	4701
4157	4823
4157	5147
4157	6512
4157	7108
4157	7373
4157	7890
4157	8654
4157	8970
4157	9028
4157	9073
4157	9712
4157	10143
4157	10450
4157	10465
4157	11724
4157	12681
4157	12724
4157	13236
4157	13329
4157	13719
4157	14003
4157	14192
4157	14376
4157	14437
4157	15903
4157	16603
4157	16786
4157	17690
4157	20592
4157	20668
4157	20753
4157	21514
4157	22603
4157	22753
4157	24599
4157	24765
4157	28211
4157	29494
4157	30681
4157	32719
4157	34068
4157	35914
4157	36864
6416	6615
6416	8150
6416	8260
6416	8775
6416	10433
6416	10515
6416	11372
6416	13280
6416	14271
6416	17303
6416	17491
6416	20798
6416	38481
39576	40722
411	598
411	975
411	1083
411	2284
411	2310
411	2375
411	2873
411	2946
411	3739
411	3817
411	4062
411	4376
411	4618
411	6124
411	6206
411	6289
411	6919
411	8317
411	9218
411	10611
411	13280
411	14001
411	15209
411	17316
411	19825
411	25517
4062	4376
4062	5261
4062	6206
4062	6289
4062	8317
4062	9028
4062	9218
4062	9448
4062	9939
4062	10853
4062	12126
4062	12233
4062	14001
4062	15297
4062	16040
4062	16598
4062	17726
4062	21590
4062	21617
4062	21950
4062	22316
4062	24782
4062	25517
572	906
572	1083
572	1162
572	1820
572	2284
572	2310
572	2375
572	2946
572	2964
572	3739
572	4376
572	5537
572	6206
572	8317
572	9939
572	12100
572	13280
572	15462
572	16040
572	21920
572	24782
3340	4049
3340	4158
3340	4741
3340	6293
3340	6297
3340	7479
3340	9293
3340	10235
3340	10724
3340	14003
3340	14323
3340	16786
3340	17303
3340	18812
3340	19449
3340	20668
3340	22750
3340	36164
8317	8654
8317	9028
8317	9218
8317	9448
8317	9939
8317	11372
8317	11613
8317	12233
8317	12687
8317	12689
8317	14001
8317	15209
8317	16040
8317	16166
8317	16598
8317	17316
8317	19825
8317	21590
8317	21617
8317	21950
8317	24782
8317	25517
5905	6327
5905	6990
5905	7207
5905	7479
5905	8030
5905	8567
5905	8970
5905	9568
5905	10044
5905	10724
5905	11645
5905	11840
5905	12370
5905	12421
5905	12737
5905	17637
5905	17909
5905	17995
5905	18338
5905	19549
5905	20004
5905	20472
5905	24101
5905	30727
5905	31542
5905	38121
13252	21430
15536	16312
15536	16570
15536	17554
15536	19449
15536	22750
15536	25744
15536	26921
15536	29141
15536	38481
14732	17690
14732	18812
14732	24599
14732	26455
25852	38390
1040	1047
1040	1094
1040	4049
1040	6282
1040	6313
1040	8355
1040	9548
1040	9645
1040	10444
1040	10609
1040	10989
1040	11668
1040	12810
1040	12940
1040	14852
1040	17133
1040	19449
1040	20814
1040	23522
1040	29141
1040	36829
12100	12687
12100	13280
12100	14001
12100	14544
12100	15297
12100	15462
12100	16040
12100	16598
12100	17435
12100	17726
12100	21590
12100	21617
12100	24782
13719	16786
13719	25349
22750	26921
22750	29141
22750	36164
11645	11724
11645	11840
11645	12370
11645	12421
11645	12737
11645	14323
11645	17637
11645	17909
11645	17995
11645	18338
11645	19549
11645	20004
11645	31542
27844	29494
27844	30681
27844	30727
27844	32719
27844	34068
27844	34224
27844	36864
10946	13825
10946	13939
10946	14271
10946	15536
10946	25744
10946	26006
10946	28336
10946	36164
6297	6793
6297	7208
6297	7346
6297	7479
6297	8639
6297	9645
6297	10946
6297	11840
6297	13082
6297	13939
6297	14148
6297	15536
6297	18485
6297	19449
6297	20798
6297	25744
6297	26921
6297	36164
6297	38481
9218	9448
9218	9939
9218	10047
9218	10095
9218	10611
9218	11613
9218	12042
9218	12100
9218	12126
9218	12233
9218	12573
9218	12687
9218	12689
9218	13280
9218	14001
9218	14437
9218	14556
9218	15209
9218	15297
9218	15462
9218	16166
9218	16297
9218	16598
9218	18155
9218	21617
9218	21920
9218	21950
9218	25517
9218	25852
7373	8654
7373	8970
7373	9028
7373	10465
7373	10611
7373	10853
7373	11724
7373	13329
7373	13387
7373	13719
7373	16786
7373	17316
7373	17690
7373	19825
7373	20668
7373	21514
7373	21590
7373	27844
7373	28211
7373	28239
7373	30681
7373	32719
7373	36864
8605	8897
8605	10110
8605	10455
8605	10724
8605	11645
8605	11840
8605	12370
8605	12421
8605	17637
8605	17909
8605	18338
8605	18812
8605	19549
8605	19798
8605	20004
8605	24101
8605	30727
8605	31542
8605	34527
8605	38121
13939	14323
13939	14851
13939	15536
13939	16312
13939	16570
13939	17554
13939	19449
13939	26921
13939	28913
13939	29141
13939	34877
13939	36164
13939	38481
13825	15184
13825	17491
13825	25744
13825	28336
13825	29181
13825	36896
13825	38481
7890	9073
7890	10341
7890	10450
7890	12724
7890	13236
7890	14003
7890	14008
7890	14192
7890	14376
7890	15903
7890	15915
7890	20668
7890	22603
7890	22753
7890	24599
7890	24765
7890	28239
7890	28636
7890	35914
7890	36029
7890	43059
1411	2310
1411	2330
1411	2369
1411	2745
1411	2935
1411	3207
1411	3270
1411	3376
1411	3415
1411	3843
1411	3988
1411	4281
1411	5159
1411	6293
1411	6297
1411	6416
1411	6793
1411	6854
1411	8260
1411	8862
1411	9028
1411	9568
1411	10143
1411	10433
1411	10946
1411	11372
1411	13825
1411	13939
1411	14075
1411	14271
1411	15536
1411	15559
1411	17303
1411	17491
1411	18485
1411	25744
1411	26670
1411	36164
1411	36896
1411	38481
4281	5159
4281	5988
4281	6615
4281	6793
4281	7208
4281	8215
4281	8260
4281	9568
4281	10515
4281	13354
4281	13939
4281	14600
4281	14851
4281	17303
4281	18485
4281	25744
4281	26006
4281	28913
4281	36164
4281	38481
11668	13446
11668	13939
11668	14851
11668	15536
11668	23522
11668	29141
2097	2529
2097	3281
2097	4090
2097	4388
2097	7890
2097	8639
2097	8665
2097	10143
2097	10465
2097	11668
2097	13446
2097	13939
2097	14851
2097	15536
2097	16570
2097	19449
2097	22750
2097	26921
2097	29141
2097	35072
8897	10110
8897	10724
8897	11840
8897	12370
8897	12421
8897	17995
8897	18338
8897	18812
8897	20004
8897	30727
8897	31542
16786	20668
16786	22603
16786	29494
16786	36164
16786	43059
16297	16598
16297	17435
16297	17726
16297	19825
14323	14376
14323	16570
14323	16786
14323	17690
14323	17995
14323	19449
14323	19798
14323	24256
14323	24599
14323	28211
14323	30681
14323	34068
14323	36864
34224	40722
14851	15536
14851	16312
14851	17554
14851	20814
14851	26921
14851	28913
14851	29141
14851	38481
8260	8862
8260	9568
8260	10433
8260	11055
8260	11372
8260	13082
8260	13825
8260	14148
8260	15559
8260	16607
8260	17234
8260	17303
8260	17491
8260	23574
8260	29516
8260	30727
8260	38481
14192	14376
14192	15903
14192	15915
14192	16603
14192	20668
14192	20753
14192	21963
14192	22603
14192	22753
14192	24765
14192	28239
14192	28636
14192	35568
14192	35914
14192	36029
14192	38178
14192	43059
5639	5875
5639	6515
5639	7363
5639	7373
5639	8970
5639	9028
5639	9272
5639	11724
5639	13329
5639	15297
5639	17690
5639	18113
5639	19825
5639	28211
5639	30681
777	975
777	2375
777	3761
777	3817
777	4376
777	6124
777	6206
777	6289
777	7449
777	8317
777	8824
777	9218
777	10047
777	11613
777	12042
777	12126
777	12233
777	12573
777	12687
777	14001
777	15209
777	15462
777	16166
777	18155
777	20472
777	21617
777	21920
777	24782
777	25517
777	25852
777	38390
36029	38178
8832	9490
8832	13354
8832	13939
8832	14851
8832	15536
8832	17133
8832	17554
8832	36164
1899	2369
1899	3587
1899	4447
1899	4683
1899	7913
1899	8862
1899	9023
1899	11055
1899	12410
1899	12726
1899	15025
1899	15321
1899	15559
1899	15860
1899	16607
1899	20562
1899	26895
14008	14192
14008	14376
14008	15903
14008	15915
14008	16603
14008	20753
14008	21514
14008	22603
14008	22753
14008	24256
14008	24765
14008	28636
14008	32719
14008	35914
14008	36029
14008	38178
1368	5988
1368	8150
1368	12689
1368	14556
1368	16786
1368	36164
2767	3240
2767	3291
2767	5595
2767	6124
2767	9293
2767	9759
2767	11645
2767	12775
2767	14057
2767	14556
2767	14732
2448	2873
2448	2965
2448	3291
2448	4158
2448	4388
2448	5905
2448	9568
2448	10724
2448	11645
2448	12370
2448	16321
2448	17995
2448	20004
2448	36864
2066	5147
2066	11724
2066	13446
2066	18113
2066	22603
2066	28211
4161	4281
4161	4283
4161	4701
4161	5159
4161	6293
4161	6297
4161	6416
4161	6615
4161	6793
4161	7208
4161	7346
4161	8639
4161	8775
4161	9490
4161	10946
4161	12674
4161	13354
4161	13939
4161	14271
4161	14851
4161	14913
4161	17303
4161	17554
4161	20798
4161	24046
4161	25744
4161	26006
4161	26921
4161	36164
16040	16598
16040	17435
16040	24782
9272	16596
9272	20814
9272	24256
9272	26455
9272	27748
9272	27844
9272	28211
9272	28636
9272	30681
9272	32719
9272	34068
9272	36864
4730	5988
4730	8215
4730	8317
4730	9218
4730	10515
4730	12042
4730	12233
4730	12689
4730	14437
4730	14556
4730	16166
4730	16598
4730	17316
4730	18693
4730	21617
4730	21950
4730	25852
318	798
318	1046
318	1094
318	1146
318	1734
318	2006
318	2097
318	2451
318	3270
318	3281
318	3376
318	4049
318	4090
318	4158
318	4741
318	5041
318	5159
318	7479
318	8030
318	8605
318	8639
318	8665
318	8897
318	9645
318	10143
318	10198
318	10609
318	10724
318	11668
318	12370
318	12421
318	13236
318	13446
318	13939
318	14057
318	14271
318	14376
318	14851
318	15536
318	16570
318	17303
318	18812
318	19449
318	20004
318	22750
318	26921
318	29141
4823	5159
4823	6524
4823	8654
4823	9028
4823	9073
4823	10281
4823	10450
4823	10465
4823	12681
4823	13387
4823	13446
4823	14003
4823	14437
4823	15903
4823	16570
4823	16786
4823	19825
4823	20668
4823	22603
4823	24599
4823	24765
4823	25349
4823	28239
4823	29494
4823	35072
4823	35568
4823	36029
4823	43059
29141	35072
29141	36029
24256	26455
24256	27536
24256	27748
24256	27844
24256	28211
24256	34068
24256	35072
24256	36029
24256	36864
20814	23522
20814	36864
2628	3340
2628	9293
2628	10198
2628	19449
314	411
314	696
314	854
314	906
314	975
314	1083
314	1162
314	2310
314	2946
314	3283
314	3739
314	3817
314	4618
314	4865
314	6124
314	6206
314	6289
314	6515
314	6987
314	7363
314	10611
314	12042
314	12100
314	12687
314	13280
314	14001
314	14544
314	15297
314	15462
314	16297
314	17435
314	21920
314	25517
8862	12726
8862	12887
8862	13152
8862	13159
8862	14779
8862	15025
8862	15321
8862	15559
8862	16321
8862	17234
8862	23574
8862	26670
8862	27785
8862	29671
10341	10450
10341	12681
10341	12724
10341	13236
10341	14003
10341	14008
10341	14192
10341	14376
10341	15903
10341	15915
10341	20753
10341	22603
10341	22753
10341	24599
10341	24765
10341	28636
10341	30730
10341	35568
10341	35914
10341	36029
10341	38178
10341	43059
10095	13825
10095	25852
1047	4939
1047	6282
1047	6313
1047	8355
1047	9548
1047	10444
1047	10609
1047	10989
1047	12810
1047	12940
1047	14852
1047	17133
1047	19326
1047	19449
1047	20814
1047	23522
1047	36829
14001	14544
14001	15209
14001	15297
14001	15462
14001	16040
14001	16166
14001	16598
14001	18155
14001	21920
14001	24782
14001	25517
14001	25852
21920	21950
21920	24782
21920	25517
21920	25852
