8.774052767308077039e-02
1.034658648554324101e-01
0.000000000000000000e+00
0.000000000000000000e+00
0.000000000000000000e+00
0.000000000000000000e+00
0.000000000000000000e+00
0.000000000000000000e+00
0.000000000000000000e+00
0.000000000000000000e+00
0.000000000000000000e+00
0.000000000000000000e+00
0.000000000000000000e+00
0.000000000000000000e+00
0.000000000000000000e+00
0.000000000000000000e+00
0.000000000000000000e+00
0.000000000000000000e+00
0.000000000000000000e+00
0.000000000000000000e+00
5.882301755118788181e-03
0.000000000000000000e+00
1.204983836594213098e-02
2.139586750083510153e-02
2.516329846763085132e-02
8.610298462203071559e-03
2.226605745480073756e-02
1.744000465073965167e-02
1.653031135415350752e-02
1.337932145237317669e-02
1.246077212371260456e-02
1.166457532031844012e-02
1.331765073274154484e-02
7.449813708243260488e-03
2.237405617047651292e-03
4.876264432063730225e-03
6.180409158650661608e-03
6.026673555752951224e-03
7.631194607797876263e-03
7.184858146749051842e-03
1.507343895376394953e-03
1.666848425817326349e-03
1.676701321548114583e-03
1.932134703687997694e-03
7.343998946414437724e-04
3.913162479488690158e-04
4.851331507248871121e-04
7.590833045702375433e-04
8.483506089809677523e-04
9.267907432490597730e-04
9.450176024027944583e-04
1.059973031118981819e-03
1.252869151106031104e-03
9.567149300370456425e-04
3.664004304962420770e-04
7.605354310390970022e-04
5.587921872746986693e-03
6.492445168634726309e-03
5.789930209654728030e-03
1.331439219462922027e-03
1.243897212681012877e-03
1.246936194113277673e-03
1.213093459132184686e-03
8.657933059108772599e-04
1.003732725405626644e-03
6.832492794742974678e-04
6.880169104789378562e-04
3.096914205570240608e-04
1.476305203585580761e-04
3.559919332472773635e-04
5.642925004532466440e-04
8.812471871041489477e-04
8.681346823279749436e-04
1.130846320434648455e-03
1.022365883703652912e-03
5.519109067828348748e-04
5.943695842672994594e-05
9.920858439992045357e-05
1.312587613504997443e-04
1.479312980273887821e-04
1.895552252807095842e-04
