1930 47
1931 48
1932 49
1933 50
1934 53
1935 55
1936 63
1937 69
1938 68
1939 73
1940 75
1941 84
1942 90
1943 92
1944 97
1945 105
1946 112
1947 117
1948 123
1949 135
1950 146
1951 156
1952 172
1953 194
1954 211
1955 245
1956 290
1957 335
1958 388
1959 433
1960 465
1961 519
1962 581
1963 671
1964 725
1965 811
1966 911
1967 1023
1968 1141
1969 1277
1970 1407
1971 1514
1972 1629
1973 1758
1974 1833
1975 1920
1976 2038
1977 2174
1978 2322
1979 2473
1980 2595
1981 2750
1982 2938
1983 3069
1984 3241
1985 3415
1986 3649
1987 3872
1988 4152
1989 4436
1990 4726
1991 5087
1992 5454
1993 5866
1994 6287
1995 6725
1996 7106
1997 7516
1998 7956
1999 8398
2000 8838
2001 9277
2002 9636
2003 9971
2004 10286
2005 10587
2006 10341
2007 9554
2008 7875
2009 5417