7.283872247569919689e-02
9.005610888882928378e-02
8.543707892707477769e-02
8.141457112067751467e-02
1.241824407510002670e-01
1.263047787315023929e-01
1.997342919054344024e-01
1.785425721400057952e-01
1.785425721400057952e-01
2.107377049180327588e-01
2.095743949057104205e-01
1.981763957721152103e-01
2.519847231403027910e-01
2.508037377561443959e-01
2.846806503120916654e-01
2.757759361309277679e-01
3.418882218042206822e-01
3.704337642448538026e-01
3.768820201315707941e-01
3.917790920449812364e-01
3.817603505886652537e-01
4.351205358224519704e-01
4.525969279022520886e-01
4.611319988089686572e-01
4.970686310907369010e-01
5.424048095138761516e-01
5.816214003208750594e-01
6.141728480654903288e-01
6.363649767311656547e-01
6.427612138184418678e-01
6.392343862658997899e-01
5.583169963557802484e-01
6.229972756114704469e-01
5.510294682908488673e-01
3.701692178402449240e-01
4.719624745273943156e-01
5.850088890172151501e-01
6.270519325292929214e-01
5.229624283896034953e-01
5.120676785043090096e-01
5.198979262743688157e-01
5.047862968211775936e-01
4.306842601463492515e-01
4.918819186648437647e-01
4.428511615060906070e-01
5.274028443704642521e-01
5.310238962750838398e-01
5.157260355502838456e-01
5.357583005804067433e-01
5.532916828074389004e-01
5.746650178112797658e-01
