3.750000000000000000e-01
2.800000000000000266e-01
2.549019607843137081e-01
2.692307692307692180e-01
2.727272727272727071e-01
2.545454545454545192e-01
3.064516129032258118e-01
3.529411764705882582e-01
2.794117647058823595e-01
3.698630136986301165e-01
3.421052631578947456e-01
4.235294117647058765e-01
3.516483516483516758e-01
4.042553191489361430e-01
4.343434343434343647e-01
3.773584905660377631e-01
3.157894736842105088e-01
3.305785123966942241e-01
3.200000000000000067e-01
3.161764705882352811e-01
3.133333333333333526e-01
3.312499999999999889e-01
3.063583815028901869e-01
3.435897435897435903e-01
3.411214953271027861e-01
3.577235772357723609e-01
3.448275862068965747e-01
3.206997084548104948e-01
3.225000000000000089e-01
2.917594654788418507e-01
2.792607802874743084e-01
2.957486136783734065e-01
3.006644518272425515e-01
3.352517985611510598e-01
2.859025032938076194e-01
3.144208037825059199e-01
3.112513144058885461e-01
3.317800559179869269e-01
3.394342762063227714e-01
3.670605612998523171e-01
3.827814569536424072e-01
3.844267320662170251e-01
3.931818181818181879e-01
3.979968371112282410e-01
3.734879032258064391e-01
3.737324963785610965e-01
3.753986332574031914e-01
3.773666092943201433e-01
3.731825525040387559e-01
3.841463414634146423e-01
3.692976104272266413e-01
