1.930000000000000000e+03
1.931000000000000000e+03
1.932000000000000000e+03
1.933000000000000000e+03
1.934000000000000000e+03
1.935000000000000000e+03
1.936000000000000000e+03
1.937000000000000000e+03
1.938000000000000000e+03
1.939000000000000000e+03
1.940000000000000000e+03
1.941000000000000000e+03
1.942000000000000000e+03
1.943000000000000000e+03
1.944000000000000000e+03
1.945000000000000000e+03
1.946000000000000000e+03
1.947000000000000000e+03
1.948000000000000000e+03
1.949000000000000000e+03
1.950000000000000000e+03
1.951000000000000000e+03
1.952000000000000000e+03
1.953000000000000000e+03
1.954000000000000000e+03
1.955000000000000000e+03
1.956000000000000000e+03
1.957000000000000000e+03
1.958000000000000000e+03
1.959000000000000000e+03
1.960000000000000000e+03
1.961000000000000000e+03
1.962000000000000000e+03
1.963000000000000000e+03
1.964000000000000000e+03
1.965000000000000000e+03
1.966000000000000000e+03
1.967000000000000000e+03
1.968000000000000000e+03
1.969000000000000000e+03
1.970000000000000000e+03
1.971000000000000000e+03
1.972000000000000000e+03
1.973000000000000000e+03
1.974000000000000000e+03
1.975000000000000000e+03
1.976000000000000000e+03
1.977000000000000000e+03
1.978000000000000000e+03
1.979000000000000000e+03
1.980000000000000000e+03
