2.083333333333333218e-02
2.000000000000000042e-02
1.960784313725490169e-02
1.923076923076923184e-02
1.818181818181818094e-02
1.818181818181818094e-02
1.612903225806451568e-02
0.000000000000000000e+00
0.000000000000000000e+00
1.369863013698630061e-02
2.631578947368420907e-02
1.176470588235294101e-02
4.395604395604395948e-02
6.382978723404254817e-02
6.060606060606060774e-02
5.660377358490566169e-02
6.140350877192982115e-02
4.958677685950413361e-02
5.600000000000000117e-02
4.411764705882353227e-02
5.333333333333333676e-02
6.250000000000000000e-02
4.046242774566474049e-02
5.128205128205128027e-02
4.672897196261682068e-02
4.471544715447154511e-02
3.103448275862068922e-02
4.373177842565597467e-02
2.500000000000000139e-02
2.895322939866369627e-02
3.080082135523613818e-02
2.772643253234750513e-02
3.322259136212624836e-02
3.597122302158273222e-02
3.557312252964427157e-02
1.891252955082742271e-02
3.049421661409043235e-02
3.168685927306617162e-02
3.993344425956738691e-02
2.141802067946824151e-02
2.649006622516556289e-02
2.329858982219497332e-02
1.988636363636363605e-02
2.108592514496573575e-02
1.663306451612903136e-02
1.786576533075808632e-02
1.958997722095671967e-02
1.979345955249569786e-02
1.817447495961227802e-02
2.096036585365853785e-02
1.810282404055032698e-02
1.604643222942983907e-02
1.592356687898089165e-02
1.552038953134510062e-02
1.789321789321789494e-02
1.975308641975308602e-02
1.676554036626257474e-02
2.004830917874396087e-02
1.796138302649304130e-02
1.974231088944305990e-02
1.984203429011751132e-02
2.100988700564971820e-02
2.484878208272028877e-02
2.370592648162040544e-02
2.656704026567040244e-02
2.927325951380934169e-02
2.668704443921937619e-02
2.819814915623298709e-02
3.028161905723225980e-02
3.122662677636499698e-02
3.278972935461484800e-02
3.460038986354775636e-02
3.427618108743459707e-02
3.793079046068926347e-02
3.929986789960369931e-02
4.316986669927846271e-02
4.383514792224819240e-02
4.010637143167263691e-02
4.068192681501938551e-02
3.809116199443612211e-02
2.966639732194389922e-02
