5.746650178112797658e-01
5.810994948602594690e-01
6.343966477030978934e-01
6.256237293350113138e-01
6.098793261375846653e-01
6.045018714015458761e-01
5.984068801359414547e-01
5.866827652208210786e-01
6.171047629914225841e-01
5.582768713735071220e-01
5.558046636695644915e-01
5.560821146174084184e-01
5.701470550721740027e-01
6.227544707991150563e-01
6.245903618430856952e-01
6.203764910832658686e-01
6.195310396049059642e-01
6.212509115926994063e-01
6.408074676679099690e-01
6.289952960446215657e-01
6.346417328140112613e-01
6.420539983271044138e-01
