3.300000000000000000e+01
3.800000000000000000e+01
4.300000000000000000e+01
4.400000000000000000e+01
4.400000000000000000e+01
4.300000000000000000e+01
4.900000000000000000e+01
5.200000000000000000e+01
6.000000000000000000e+01
6.200000000000000000e+01
6.800000000000000000e+01
7.200000000000000000e+01
7.700000000000000000e+01
8.200000000000000000e+01
9.000000000000000000e+01
1.090000000000000000e+02
1.200000000000000000e+02
1.200000000000000000e+02
1.280000000000000000e+02
1.320000000000000000e+02
1.310000000000000000e+02
1.430000000000000000e+02
