3.692976104272266413e-01
3.724820757937862825e-01
3.789808917197452498e-01
3.679245283018867663e-01
3.783549783549783330e-01
3.824417009602194550e-01
3.894763992777920958e-01
3.942028985507246563e-01
4.045801526717557328e-01
4.079384871155444792e-01
4.195723367366596124e-01
4.306144067796610075e-01
4.377963053784534875e-01
4.483120780195049004e-01
4.521931645219316453e-01
4.505536464299351174e-01
4.553256524806019168e-01
4.636908002177463350e-01
4.725951347532048041e-01
4.795250560957367014e-01
4.974843858431644561e-01
5.089343729694606466e-01
