2.196041193515544943e-01
1.753263241420352780e-01
1.587760745254906125e-01
1.810635995719777069e-01
1.990594726953696103e-01
1.990059441366574533e-01
1.709012917034751777e-01
2.387949379301222419e-01
2.361374347083011749e-01
2.231496805625223512e-01
2.673851115291587810e-01
2.677978302100018637e-01
2.308837331695977879e-01
2.397750869672628793e-01
2.963038078641107020e-01
2.942146900856437708e-01
3.356181857879922403e-01
3.779448066170217890e-01
4.145345539684276437e-01
4.189798332132264602e-01
4.218265722615576752e-01
4.064267518556225478e-01
4.198339520928793256e-01
4.666092680515326885e-01
4.548845260529730261e-01
5.054402557176882471e-01
4.932260672856285666e-01
5.547822323907930508e-01
5.439236525100806796e-01
5.738771073725802419e-01
5.720583107965959702e-01
5.945987998157884480e-01
6.104937084368233791e-01
6.186796285594841072e-01
6.175733425581398928e-01
6.340803723843766448e-01
6.277480817306584360e-01
6.372435686665586241e-01
6.411488806469999302e-01
6.151827204718789410e-01
6.110993527476112908e-01
6.061877593644906526e-01
5.895232736633487791e-01
5.885090118828351091e-01
5.852235409252036780e-01
5.521055725972944250e-01
5.821188760353823710e-01
5.986699493617082535e-01
5.928249095580552241e-01
5.845760181770336406e-01
5.946747667457248365e-01
5.980068335400652302e-01
6.040610700539290612e-01
6.145145419236038853e-01
6.332594246706151342e-01
6.195435825815116537e-01
6.173135876623088159e-01
6.156447905581701185e-01
6.216724055621072331e-01
6.256769321009212348e-01
6.161285504857250128e-01
6.054055165931020444e-01
6.075214856882735770e-01
6.042381818535723648e-01
6.068063845938321821e-01
6.143414096478716502e-01
6.055359290224618940e-01
6.142612911775559015e-01
6.303955225032653598e-01
6.190060565791477565e-01
6.215589532422428620e-01
6.315460567522550583e-01
6.311023317186883475e-01
6.156899556037216392e-01
6.111770148002668712e-01
6.124381971330589147e-01
6.197753927870407464e-01
6.231027900342391845e-01
6.083110508925277937e-01
6.187239846284762844e-01
6.218423175412834792e-01
6.241874826482686811e-01