2.474547732790351728e-01
1.461297361634596448e-01
1.947267040725925158e-01
1.841840974169212386e-01
1.889884394694229808e-01
1.947065443213296665e-01
1.712463026691103396e-01
2.050873568852631113e-01
2.581421263993223247e-01
2.561116634477620946e-01
2.808478903520558734e-01
2.558052692092255276e-01
2.712696811543353625e-01
2.945602895125159493e-01
3.055330208521122581e-01
3.029924517346494484e-01
3.345769196083178132e-01
3.592295601535726579e-01
4.156895855950595853e-01
4.068285689990303045e-01
4.215386922115784696e-01
4.389844436612977407e-01
4.328224166960389363e-01
4.724702306893474035e-01
4.817608678119878474e-01
4.677328594897842140e-01
5.364135609166071905e-01
5.598399313248749731e-01
5.856742983414813253e-01
6.343762550519650434e-01
5.810536753837319823e-01
6.338998155222802522e-01
6.138101004432606755e-01
6.385531040487533172e-01
6.135754050420990646e-01
6.206931950684646537e-01
6.082046834512602196e-01
6.230086358194832918e-01
6.421688240406847603e-01
6.306503924078675771e-01
6.263816539931098548e-01
5.882400182604718974e-01
6.016951455458726672e-01
6.046542410079163155e-01
5.823086850146939053e-01
6.116318325455996074e-01
6.221255229349385019e-01
5.888689247672485028e-01
5.884115974570769403e-01
6.053112145686192491e-01
6.081539789151186870e-01
6.354882817435416609e-01
6.171981853185586342e-01
6.201340907171445371e-01
6.267134488166742345e-01
6.209353168435853831e-01
6.174953775546163648e-01
6.167306160465784082e-01
6.301233047045500246e-01
6.261011492199021200e-01
6.085474182482219980e-01
6.060354825999475370e-01
6.057524645666435559e-01
6.154370388104605212e-01
6.148364396553229749e-01
6.146500448599933053e-01
6.390114705750021651e-01
6.364014384323400852e-01
6.207662975456245125e-01
6.284586584828720790e-01
6.114556731168337977e-01
6.324959016620486096e-01
6.295193108748468047e-01
6.309147375939428981e-01
6.473932100654276045e-01
6.288260263753268076e-01
6.262410772931579164e-01
6.319080749861964871e-01
6.258968751645617845e-01
6.230188978467254717e-01
6.299180978614618461e-01
6.320989768767154671e-01