1.735092243602459339e-01
1.864580257188112600e-01
1.728438973942049706e-01
1.982611246833407281e-01
1.940765427823946121e-01
1.973264946446387502e-01
2.508996339219370375e-01
2.533002532071402246e-01
2.533002532071402246e-01
2.704098360655736721e-01
2.697386523324259988e-01
2.664681373623963845e-01
2.788335703650288155e-01
2.963330195167224734e-01
3.027268108578893280e-01
3.160702673710491517e-01
3.623690381097168789e-01
4.186936789940515213e-01
4.280771764608873320e-01
4.383443565181174839e-01
4.356256145526056778e-01
4.715548899376028058e-01
4.859983506653557939e-01
5.038228533460361591e-01
5.025473350335742939e-01
5.121239880504400155e-01
5.697027115276930287e-01
5.616648846606392409e-01
4.928757736312227022e-01
5.985665940228733772e-01
5.769198135905320157e-01
5.594685000728950586e-01
6.030972115082107177e-01
5.832117466848107945e-01
5.833718279667770013e-01
5.274246323497960853e-01
5.386857847241811603e-01
5.771522175424401713e-01
5.712925630352987394e-01
5.339539856539069484e-01
5.285856980538939931e-01
5.037946420768287803e-01
4.935553375579563307e-01
5.179587161709291454e-01
4.360712758486164353e-01
4.962157856683542811e-01
4.944060707995138193e-01
5.124178731914620366e-01
5.032998692144222685e-01
5.332287102366620735e-01
5.412539651201172530e-01
5.662856331379023667e-01
5.740373284210987803e-01
5.311744932533859487e-01
5.751956312103941871e-01
5.353246170587824260e-01
5.242910619857799048e-01
5.354231524649348817e-01
5.216154623448810979e-01
5.322619433459324645e-01
5.061214664767098581e-01
5.307425332945182594e-01
5.115509248049707747e-01
5.175027619715084626e-01
5.169873283758774640e-01
5.453231721860991588e-01
5.521969457787223590e-01
5.713093874136283556e-01
5.678027919705045390e-01
5.546393233679284274e-01
5.623977228819087015e-01
5.338150772448692072e-01
5.112429840952368298e-01
5.118444683459814071e-01
5.649505462662308686e-01
5.411513433147281393e-01
5.585624178793496819e-01
5.238367108204116107e-01
5.487235380591917178e-01
5.688897601004944127e-01
5.548852576483118693e-01