1.735092243602459616e-01
1.864580257188112322e-01
1.728438973942049706e-01
1.982611246833407559e-01
1.940765427823946399e-01
1.973264946446386670e-01
2.508996339219370930e-01
2.533002532071402801e-01
2.533002532071402801e-01
2.704098360655737276e-01
2.697386523324258878e-01
2.664681373623964955e-01
2.788335703650288155e-01
2.963330195167223624e-01
3.027268108578894390e-01
3.160702673710492627e-01
3.623690381097168234e-01
4.186936789940517434e-01
4.280771764608873875e-01
4.383443565181173729e-01
4.356256145526055668e-01
4.715548899376030834e-01
4.859983506653556828e-01
5.038228533460360481e-01
5.025473350335745160e-01
5.121239880504402375e-01
5.697027115276930287e-01
5.616648846606392409e-01
4.928757736312222026e-01
5.985665940228732662e-01
5.769198135905315716e-01
5.594685000728956137e-01
6.030972115082112728e-01
5.832117466848102394e-01
5.833745106573653416e-01
5.274246323497959743e-01
5.386857847241812713e-01
5.771522175424410595e-01
5.712925630352988504e-01
5.339539856539073925e-01
5.285856980538933270e-01
5.037946420768297795e-01
4.935553375579559421e-01
5.179587161709294785e-01
4.360712758486162688e-01
4.962157856683544477e-01
4.944060707995139858e-01
5.124178731914631468e-01
5.032998692144207142e-01
5.332287102366605192e-01
5.412539651201170310e-01
5.663052032972452077e-01
5.740373284211013338e-01
5.311744932533861707e-01
5.751956312103950753e-01
5.353246170587833141e-01
5.242910619857803489e-01
5.354231524649356588e-01
5.216154623448813199e-01
5.322619433459322424e-01
5.061214664767101912e-01
5.307761926443513856e-01
5.115509248049697755e-01
5.175027619715081295e-01
5.169873283758780191e-01
5.453231721860977155e-01
5.521969457787250235e-01
5.713093874136299100e-01
5.678033828851806186e-01
5.546393233679263179e-01
5.623977228819090346e-01
5.338150772448678749e-01
5.112429840952359417e-01
5.118449017626149899e-01
5.649505462662287592e-01
5.411734298727812753e-01
5.585651456597632292e-01
5.238367108204105005e-01
5.487235380591903855e-01
5.688929233417674425e-01
5.548852576483135346e-01
