2.331231889732947038e-01
1.834993056933148237e-01
1.732160594915299334e-01
1.933244062386045015e-01
1.890730700007334786e-01
1.922394390581717571e-01
1.935291765005779097e-01
2.225276114670743655e-01
2.336684398174986022e-01
2.166227634120187484e-01
2.012778822897070830e-01
2.482471182476587435e-01
2.505469058374633073e-01
2.663142906743051208e-01
2.775616115484512703e-01
2.926832631731746126e-01
3.102848619476840097e-01
3.269669406580947846e-01
3.499727443790452419e-01
3.784014649887781356e-01
4.497009579341941232e-01
3.956674585149798640e-01
4.614263881860127814e-01
4.782076959856728093e-01
4.730407771953779594e-01
4.854568187198691209e-01
5.096847011581683295e-01
5.220086336292523166e-01
5.359179627702786997e-01
5.542853659548715450e-01
5.271025884662098315e-01
5.311593605407499696e-01
5.377895662917258068e-01
5.621229889515348965e-01
5.393762112961694166e-01
5.805722143767856336e-01
5.609516517192786322e-01
5.794403281797970706e-01
5.357257993192247048e-01
5.463059721450972406e-01
5.479483571901424543e-01
5.729306624486933952e-01
5.736175935751873789e-01
5.695918604698171350e-01
5.716650963627619708e-01
5.710183397728172405e-01
5.681002627291568130e-01
5.714389080254649311e-01
5.697255194573549453e-01
5.614153909367576301e-01
5.564847405334590880e-01
5.703914990314177258e-01
5.486082747641274349e-01
5.499928340147856032e-01
5.470623615718508415e-01
5.462214412220479653e-01
5.752445879741019397e-01
5.338621097770248625e-01
5.634473031336161286e-01
5.666104504349123161e-01
5.682152803011670805e-01
5.731622636254991576e-01
5.661112611789949067e-01
5.725488653023786956e-01
5.756676522964593312e-01
5.719880695198363840e-01
5.855073727808778328e-01
5.919082070773917792e-01
5.951247024007225717e-01
5.957214872842973019e-01
5.982731772663023584e-01
5.993030188911925293e-01
5.914635189685782857e-01
5.965406305282909472e-01
5.990163262038141312e-01
6.021478274174187641e-01
6.052974864872564827e-01
6.032358419830193103e-01
6.061832972846278499e-01
6.081732816832989298e-01
6.100947209000391038e-01
6.120163262038141312e-01